26
158
464
932
1482
2021
2441
2640
2570
2266
1831
1410
1154
1159
1426
1859
2304
2598
2633
2405
2004
1567
1234
1096
1172
1413
1718
1982
2133
2154
2071
1941
1829
1778
1802
1886
1993
2076
2105
2071
1987
1885
1803
1773
1803
1883
1983
2065
2099
2076
2004
1912
1835
1804
1829
1903
1997
2077
2114
2098
2035
1950
1877
1843
1863
1929
2017
2096
2136
2125
2068
1987
1915
1878
1892
1951
2035
2112
2154
2148
2097
2021
1950
1911
1920
1974
2054
2130
2174
2172
2126
2054
1984
1944
1949
1998
2074
2150
2196
2198
2157
2087
2016
1972
1971
2015
2088
2164
2213
2220
2183
2117
2048
2003
1999
2037
2106
2179
2230
2240
2206
2142
2074
2027
2019
2053
2119
2191
2242
2256
2228
2168
2100
2050
2038
2067
2129
2201
2255
2272
2247
2190
2123
2072
2057
2084
2143
2213
2267
2286
2263
2208
2142
2090
2073
2098
2155
2224
2279
2300
2281
2229
2164
2111
2091
2111
2163
2230
2286
2311
2298
2251
2190
2137
2114
2128
2174
2235
2289
2316
2306
2265
2208
2157
2133
2143
2185
2243
2295
2323
2316
2277
2221
2169
2141
2147
2185
2242
2295
2326
2322
2287
2232
2180
2150
2154
2190
2246
2300
2333
2332
2298
2244
2192
2160
2161
2192
2245
2299
2333
2336
2307
2257
2205
2172
2170
2198
2248
2301
2336
2341
2314
2265
2212
2176
2171
2198
2249
2303
2340
2347
2322
2275
2221
2183
2174
2198
2245
2299
2339
2349
2326
2279
2226
2186
2176
2197
2244
2298
2339
2352
2332
2287
2232
2190
2176
2196
2242
2297
2341
2357
2339
2293
2237
2193
2178
2197
2242
2298
2343
2359
2342
2296
2239
2193
2175
2191
2236
2292
2339
2359
2345
2301
2244
2194
2172
2184
2228
2286
2335
2358
2345
2302
2244
2194
2170
2181
2224
2282
2334
2360
2351
2311
2253
2200
2174
2182
2222
2279
2332
2358
2350
2310
2252
2198
2169
2175
2212
2270
2324
2354
2350
2312
2254
2198
2166
2168
2204
2260
2315
2348
2346
2311
2254
2198
2163
2163
2197
2254
2311
2346
2347
2313
2256
2197
2159
2155
2188
2245
2305
2343
2347
2315
2257
2196
2155
2150
2182
2239
2300
2340
2345
2314
2257
2197
2155
2148
2176
2230
2289
2330
2339
2313
2260
2200
2157
2146
2170
2222
2281
2325
2336
2312
2261
2201
2156
2142
2164
2215
2275
2321
2334
2314
2281
2283
2369
2553
2813
3105
3362
3507
3485
3289
2960
2591
2300
2180
2258
2490
2780
3005
3071
2949
2675
2341
2068
1952
2024
2249
2538
2774
2867
2787
2564
2278
2036
1926
1981
2175
2433
2653
2751
2697
2512
2264
2048
1942
1979
2138
2359
2552
2645
2608
2456
2246
2057
1960
1984
2117
2305
2476
2564
2540
2418
2242
2079
1989
2000
2103
2258
2402
2481
2469
2373
2230
2093
2014
2017
2098
2223
2344
2413
2408
2333
2217
2102
2033
2029
2089
2188
2285
2341
2336
2269
2159
2046
1969
1950
1988
2064
2145
2201
2212
2181
2122
2060
2019
2014
2047
2105
2166
2206
2212
2184
2135
2084
2049
2043
2066
2108
2154
2185
2191
2169
2130
2087
2057
2051
2068
2102
2138
2163
2168
2151
2119
2084
2059
2051
2063
2088
2117
2137
2142
2130
2106
2078
2058
2052
2061
2081
2104
2121
2126
2118
2098
2075
2056
2049
2055
2073
2093
2109
2114
2107
2090
2071
2056
2051
2058
2072
2089
2103
2108
2103
2091
2074
2060
2054
2057
2068
2083
2095
2100
2095
2083
2068
2055
2048
2048
2056
2067
2076
2081
2078
2068
2055
2045
2040
2042
2048
2059
2068
2073
2070
2062
2050
2041
2036
2038
2044
2053
2060
2064
2063
2058
2049
2041
2037
2037
2042
2049
2055
2058
2056
2050
2042
2035
2030
2030
2032
2036
2039
2038
2033
2025
2016
2009
2005
2005
2008
2011
2015
2017
2019
2018
2017
2016
2017
2018
2019
2021
2023
2025
2027
2027
2026
2025
2023
2023
2024
2026
2027
2028
2028
2028
2028
2029
2030
2030
2030
2030
2030
2026
2014
1993
1969
1947
1934
1932
1938
1949
1963
1975
1981
1982
1980
1977
1976
1980
1989
2001
2014
2025
2029
2028
2024
2020
2017
2017
2021
2026
2032
2035
2037
2036
2033
2030
2028
2029
2032
2038
2044
2048
2051
2052
2051
2049
2049
2050
2053
2059
2066
2074
2080
2083
2085
2085
2086
2089
2095
2103
2114
2124
2132
2136
2134
2127
2117
2109
2105
2104
2102
2100
2096
2090
2083
2076
2069
2064
2061
2060
2059
2058
2057
2055
2052
2049
2046
2044
2044
2044
2045
2046
2046
2045
2043
2041
2040
2040
2041
2041
2042
2042
2042
2041
2040
2039
2037
2036
2037
2039
2041
2042
2042
2042
2041
2040
2038
2038
2038
2039
2040
2042
2042
2041
2040
2039
2038
2037
2038
2040
2041
2042
2042
2042
2042
2041
2041
2041
2041
2043
2043
2044
2045
2045
2045
2044
2042
2040
2040
2040
2042
2044
2046
2047
2046
2045
2043
2042
2041
2041
2041
2043
2044
2045
2045
2044
2043
2043
2042
2043
2045
2046
2046
2046
2045
2044
2043
2042
2042
2042
2043
2044
2045
2046
2046
2045
2044
2043
2042
2041
2042
2043
2044
2046
2046
2046
2044
2043
2043
2043
2044
2045
2045
2046
2047
2047
2046
2045
2044
2044
2044
2045
2046
2047
2047
2047
2047
2046
2045
2045
2045
2046
2047
2048
2048
2048
2046
2044
2042
2041
2042
2043
2045
2046
2046
2045
2044
2043
2043
2043
2044
2045
2047
2047
2048
2047
2047
2046
2045
2044
2045
2046
2047
2048
2048
2048
2046
2045
2044
2044
2045
2046
2048
2049
2050
2050
2048
2047
2046
2045
2045
2045
2046
2047
2048
2048
2047
2046
2043
2043
2043
2045
2047
2048
2048
2048
2047
2046
2045
2045
2046
2047
2048
2049
2049
2049
2049
2048
2046
2044
2044
2045
2046
2047
2048
2048
2047
2046
2045
2044
2043
2044
2046
2048
2049
2049
2048
2046
2045
2044
2044
2046
2047
2048
2048
2048
2047
2045
2045
2045
2045
2046
2047
2048
2047
2046
2045
2044
2043
2044
2044
2045
2046
2047
2049
2049
2049
2047
2045
2044
2044
2045
2047
2049
2050
2050
2049
2048
2046
2045
2045
2046
2047
2049
2050
2050
2049
2047
2046
2045
2045
2047
2048
2049
2049
2050
2049
2049
2048
2047
2046
2046
2047
2048
2049
2049
2049
2048
2047
2047
2047
2047
2047
2048
2048
2049
2049
2049
2048
2047
2046
2046
2047
2047
2048
2048
2048
2047
2047
2046
2046
2046
2046
2047
2048
2049
2049
2048
2048
2048
2047
2047
2047
2047
2048
2049
2049
2049
2048
2047
2047
2047
2047
2048
2049
2050
2050
2050
2049
2049
2048
2048
2049
2050
2051
2051
2051
2049
2048
2048
2047
2048
2049
2050
2050
2050
2050
2050
2049
2049
2050
2050
2050
2051
2052
2053
2052
2052
2052
2051
2050
2050
2050
2051
2052
2052
2052
2051
2050
2048
2048
2047
2047
2048
2048
2049
2049
2049
2049
2050
2050
2050
2050
2050
2050
2050
2051
2051
2050
2049
2048
2047
2048
2048
2049
2049
2048
2048
2047
2046
2044
2043
2043
2042
2040
2037
2033
2027
2019
2011
2001
1986
1951
1867
1703
1473
1233
1046
943
916
923
905
814
2325
9823
25158
32767
32767
32767
32767
32767
32767
32767
30297
19095
15501
22156
30382
32444
32260
32767
32767
32767
32767
32767
25470
10346
5513
10769
22211
32767
32767
32767
32767
32767
32767
32767
26282
23387
26584
32767
32767
32767
32767
32767
32767
32767
32767
27413
20935
12885
5495
537
63926
63903
64937
591
1437
1819
1854
1726
1589
1520
1531
1594
1674
1746
1799
1833
1854
1870
1884
1899
1914
1928
1941
1953
1963
1973
1981
1988
1995
2000
2005
2010
2013
2016
2019
2022
2025
2028
2030
2033
2034
2034
2035
2036
2038
2039
2040
2040
2040
2039
2039
2039
2040
2041
2042
2043
2044
2044
2045
2045
2044
2044
2043
2044
2046
2049
2054
2062
2071
2083
2096
2110
2125
2141
2155
2169
2182
2197
2214
2231
2248
2265
2281
2297
2314
2330
2346
2361
2375
2390
2405
2422
2440
2458
2478
2499
2523
2550
2580
2611
2645
2678
2710
2740
2767
2791
2812
2828
2839
2845
2846
2845
2844
2843
2843
2842
2840
2838
2836
2835
2835
2835
2835
2836
2837
2838
2839
2839
2840
2841
2841
2841
2842
2844
2846
2849
2852
2855
2858
2861
2864
2867
2871
2875
2879
2883
2889
2894
2900
2905
2911
2917
2923
2930
2937
2944
2950
2956
2963
2969
2973
2977
2979
2982
2985
2988
2992
2996
3000
3005
3011
3017
3024
3032
3042
3053
3064
3076
3088
3100
3112
3124
3135
3145
3155
3164
3174
3183
3193
3204
3214
3226
3237
3248
3258
3267
3277
3286
3297
3306
3316
3325
3334
3342
3351
3360
3369
3378
3387
3397
3406
3415
3425
3434
3442
3452
3461
3471
3481
3490
3499
3509
3517
3524
3529
3533
3537
3542
3549
3557
3567
3577
3588
3599
3609
3618
3625
3633
3640
3648
3657
3667
3678
3689
3699
3709
3718
3727
3735
3744
3752
3760
3769
3778
3786
3795
3803
3810
3816
3821
3826
3831
3835
3838
3841
3843
3846
3847
3849
3851
3853
3855
3858
3862
3867
3872
3877
3883
3888
3894
3902
3912
3925
3938
3952
3965
3976
3983
3988
3992
3995
3999
4003
4006
4009
4010
3996
3929
3791
3622
3477
3389
3355
3357
3374
3388
3393
3388
3378
3365
3355
3346
3338
3331
3322
3313
3302
3290
3278
3266
3254
3243
3231
3218
3205
3191
3177
3164
3151
3138
3125
3112
3099
3085
3071
3057
3043
3030
3017
3005
2995
2987
2981
2977
2976
2975
2976
2980
2986
2994
3004
3015
3027
3037
3044
3048
3047
3043
3034
3023
3014
3009
3012
3022
3036
3050
3063
3072
3078
3082
3083
3084
3084
3082
3079
3075
3069
3062
3053
3044
3035
3025
3015
3004
2992
2979
2966
2953
2940
2927
2913
2899
2886
2873
2860
2847
2834
2821
2808
2795
2783
2772
2760
2749
2736
2724
2712
2701
2691
2681
2670
2660
2649
2639
2628
2617
2604
2590
2575
2560
2545
2530
2517
2504
2491
2479
2467
2454
2441
2429
2416
2403
2390
2376
2363
2350
2339
2327
2314
2300
2286
2272
2258
2243
2229
2215
2190
2128
2020
1894
1790
1727
1705
1708
1720
1731
1734
1731
1724
1715
1707
1701
1695
1690
1686
1682
1677
1672
1667
1661
1655
1651
1647
1644
1640
1636
1632
1627
1623
1618
1614
1611
1607
1604
1600
1596
1592
1588
1584
1580
1576
1571
1567
1563
1558
1554
1550
1546
1543
1540
1537
1535
1533
1532
1529
1526
1522
1517
1513
1508
1504
1501
1498
1496
1493
1491
1488
1484
1481
1477
1474
1471
1468
1464
1461
1459
1458
1457
1455
1453
1451
1449
1448
1446
1444
1442
1441
1440
1438
1436
1434
1432
1429
1425
1422
1419
1416
1415
1413
1411
1409
1407
1404
1401
1398
1395
1392
1389
1387
1384
1382
1380
1378
1377
1376
1375
1373
1372
1371
1370
1369
1369
1368
1367
1367
1366
1365
1363
1362
1361
1361
1360
1359
1359
1360
1362
1365
1368
1373
1379
1387
1396
1406
1417
1431
1448
1465
1483
1501
1518
1533
1545
1553
1556
1554
1548
1539
1528
1517
1504
1492
1479
1467
1456
1445
1436
1427
1419
1411
1404
1398
1392
1387
1382
1378
1373
1367
1362
1358
1356
1354
1353
1351
1350
1350
1349
1349
1348
1347
1344
1342
1341
1341
1341
1342
1341
1341
1341
1341
1341
1341
1341
1340
1339
1338
1337
1336
1335
1335
1334
1334
1333
1332
1332
1332
1332
1333
1334
1335
1335
1336
1337
1339
1340
1341
1343
1344
1346
1348
1350
1352
1354
1355
1357
1360
1363
1365
1367
1368
1369
1372
1376
1380
1383
1386
1388
1389
1391
1393
1395
1397
1400
1402
1405
1409
1412
1416
1419
1421
1424
1428
1433
1439
1444
1448
1452
1457
1462
1468
1472
1477
1482
1487
1493
1498
1502
1506
1509
1513
1516
1520
1523
1527
1532
1536
1541
1545
1549
1553
1555
1558
1562
1566
1570
1575
1578
1581
1583
1585
1587
1590
1593
1596
1598
1599
1600
1601
1602
1604
1606
1608
1610
1612
1614
1616
1618
1620
1623
1625
1626
1628
1630
1632
1634
1636
1637
1638
1638
1637
1637
1637
1638
1639
1639
1640
1640
1640
1641
1642
1644
1645
1646
1646
1646
1646
1646
1647
1648
1649
1651
1652
1654
1655
1657
1658
1659
1660
1662
1664
1665
1667
1668
1670
1672
1674
1676
1678
1680
1681
1681
1681
1682
1684
1685
1687
1688
1689
1690
1691
1692
1693
1694
1695
1696
1696
1697
1697
1697
1698
1700
1702
1704
1705
1705
1705
1706
1706
1706
1705
1703
1701
1700
1700
1699
1699
1698
1698
1697
1698
1698
1698
1697
1697
1698
1698
1698
1698
1698
1700
1701
1702
1703
1704
1705
1706
1708
1710
1713
1718
1722
1726
1728
1729
1730
1732
1734
1736
1737
1739
1741
1745
1749
1753
1758
1763
1771
1779
1790
1803
1819
1837
1856
1876
1894
1910
1924
1934
1941
1944
1944
1941
1935
1925
1914
1903
1893
1883
1873
1864
1855
1847
1840
1833
1826
1820
1814
1809
1804
1799
1795
1791
1788
1786
1784
1782
1780
1779
1778
1777
1776
1776
1776
1776
1776
1777
1777
1778
1779
1779
1779
1778
1779
1780
1782
1784
1786
1788
1788
1789
1790
1791
1793
1794
1796
1797
1798
1799
1799
1800
1801
1802
1804
1807
1809
1810
1812
1813
1816
1818
1820
1822
1824
1825
1828
1830
1832
1834
1836
1838
1839
1841
1842
1842
1843
1844
1845
1845
1846
1848
1850
1852
1853
1854
1855
1856
1856
1858
1860
1861
1863
1865
1867
1868
1870
1873
1875
1876
1877
1877
1877
1878
1880
1882
1886
1889
1892
1895
1897
1898
1900
1902
1903
1905
1908
1911
1914
1917
1920
1923
1926
1928
1930
1931
1933
1935
1936
1937
1938
1939
1940
1941
1942
1943
1944
1946
1947
1948
1949
1948
1948
1949
1950
1951
1952
1953
1954
1955
1957
1957
1958
1957
1957
1956
1955
1955
1955
1956
1957
1957
1958
1958
1958
1958
1959
1959
1960
1960
1960
1959
1959
1959
1960
1961
1961
1962
1962
1961
1960
1959
1959
1959
1959
1960
1960
1960
1960
1960
1959
1959
1958
1958
1958
1958
1957
1957
1956
1956
1955
1955
1954
1952
1951
1951
1951
1951
1952
1952
1952
1952
1951
1951
1951
1950
1950
1950
1951
1950
1950
1950
1949
1950
1950
1951
1952
1952
1952
1953
1954
1955
1957
1958
1959
1960
1960
1961
1962
1963
1965
1967
1968
1969
1970
1971
1973
1974
1975
1975
1974
1973
1974
1975
1976
1977
1978
1979
1980
1981
1983
1984
1986
1987
1989
1990
1991
1991
1991
1992
1993
1994
1996
1998
2000
2000
2000
2000
1999
2000
2000
2001
2003
2005
2006
2007
2008
2008
2009
2010
2011
2011
2011
2010
2010
2010
2011
2014
2019
2025
2033
2042
2052
2065
2080
2097
2116
2137
2156
2174
2188
2198
2205
2208
2206
2201
2193
2183
2172
2160
2148
2135
2124
2114
2104
2095
2086
2078
2072
2065
2059
2054
2050
2047
2045
2043
2040
2038
2035
2032
2029
2027
2025
2024
2023
2022
2021
2020
2019
2019
2019
2020
2020
2021
2020
2019
2019
2019
2018
2018
2019
2020
2020
2021
2022
2023
2024
2026
2029
2030
2030
2030
2029
2030
2030
2031
2033
2035
2038
2041
2043
2046
2049
2051
2051
2051
2050
2050
2051
2052
2053
2054
2054
2054
2053
2052
2052
2052
2052
2052
2051
2051
2051
2051
2052
2052
2052
2051
2050
2049
2049
2050
2050
2049
2048
2047
2046
2045
2045
2045
2045
2045
2044
2043
2043
2043
2043
2043
2042
2042
2041
2041
2040
2039
2039
2040
2040
2041
2040
2039
2038
2038
2038
2039
2040
2041
2041
2040
2039
2039
2039
2040
2040
2040
2039
2039
2039
2039
2040
2040
2039
2038
2037
2037
2037
2037
2037
2037
2037
2037
2037
2037
2037
2037
2035
2034
2033
2033
2033
2034
2035
2034
2033
2033
2033
2033
2033
2033
2032
2032
2033
2034
2035
2035
2035
2035
2035
2035
2036
2037
2037
2037
2037
2037
2037
2037
2038
2038
2038
2039
2040
2040
2041
2041
2041
2041
2041
2041
2041
2041
2041
2042
2042
2042
2042
2042
2042
2041
2041
2041
2042
2043
2043
2043
2042
2042
2041
2042
2043
2044
2046
2047
2048
2048
2049
2050
2051
2051
2052
2052
2054
2056
2057
2058
2059
2059
2060
2060
2060
2061
2061
2062
2062
2062
2061
2059
2059
2059
2061
2064
2068
2072
2077
2083
2091
2101
2113
2127
2143
2161
2179
2196
2212
2226
2237
2245
2249
2248
2243
2235
2224
2212
2200
2187
2174
2162
2150
2141
2132
2124
2116
2108
2102
2096
2091
2087
2083
2079
2075
2072
2069
2065
2061
2057
2055
2052
2051
2050
2051
2051
2050
2050
2050
2049
2049
2049
2049
2049
2050
2050
2051
2051
2051
2050
2050
2051
2051
2052
2053
2054
2053
2053
2052
2052
2053
2053
2054
2054
2055
2055
2056
2057
2058
2059
2060
2062
2064
2065
2067
2068
2069
2069
2069
2069
2068
2068
2069
2069
2070
2070
2072
2073
2074
2074
2074
2073
2074
2075
2076
2078
2079
2078
2076
2075
2075
2077
2079
2082
2084
2085
2086
2086
2086
2087
2087
2088
2089
2091
2094
2097
2099
2100
2100
2101
2102
2104
2105
2107
2108
2109
2111
2113
2115
2117
2118
2119
2119
2120
2120
2122
2124
2126
2127
2127
2127
2126
2126
2126
2126
2126
2126
2126
2125
2125
2125
2126
2128
2129
2130
2130
2130
2130
2129
2128
2127
2127
2127
2127
2127
2126
2125
2124
2123
2123
2123
2123
2123
2122
2122
2123
2124
2124
2124
2124
2124
2123
2122
2121
2120
2120
2120
2122
2123
2124
2125
2125
2125
2126
2126
2126
2126
2127
2128
2128
2127
2127
2126
2126
2127
2128
2128
2128
2128
2128
2129
2129
2130
2130
2130
2130
2130
2129
2129
2128
2128
2127
2127
2126
2126
2126
2125
2124
2124
2123
2122
2121
2120
2120
2119
2119
2119
2118
2118
2117
2116
2115
2114
2113
2112
2111
2112
2113
2113
2113
2112
2111
2111
2111
2111
2111
2111
2111
2111
2111
2112
2113
2114
2113
2113
2111
2110
2109
2109
2107
2106
2105
2104
2103
2103
2102
2102
2102
2102
2102
2101
2100
2099
2098
2098
2096
2095
2094
2094
2095
2097
2097
2097
2095
2093
2092
2090
2090
2090
2091
2091
2090
2089
2088
2087
2086
2086
2085
2084
2083
2083
2083
2085
2089
2093
2097
2103
2111
2121
2133
2146
2161
2177
2194
2212
2229
2244
2255
2262
2265
2264
2259
2250
2239
2226
2213
2200
2187
2174
2163
2152
2143
2135
2128
2122
2116
2110
2104
2098
2092
2087
2083
2080
2077
2075
2072
2069
2067
2066
2064
2062
2060
2059
2059
2058
2058
2057
2056
2055
2055
2056
2056
2056
2056
2054
2053
2053
2053
2053
2053
2053
2053
2053
2052
2053
2053
2054
2054
2054
2053
2053
2053
2053
2054
2055
2056
2056
2055
2054
2054
2054
2055
2056
2056
2056
2056
2057
2057
2057
2057
2057
2057
2056
2056
2056
2055
2054
2052
2051
2050
2049
2049
2050
2051
2052
2052
2052
2051
2051
2051
2051
2052
2053
2053
2053
2053
2053
2053
2053
2053
2053
2053
2053
2054
2055
2056
2057
2058
2060
2062
2063
2064
2064
2064
2064
2065
2065
2065
2066
2067
2068
2068
2068
2068
2068
2068
2068
2069
2069
2070
2069
2069
2068
2067
2066
2065
2064
2064
2065
2065
2066
2065
2065
2063
2062
2061
2060
2060
2059
2058
2057
2055
2054
2053
2052
2051
2050
2050
2050
2050
2049
2048
2047
2045
2044
2044
2044
2044
2043
2043
2042
2041
2040
2039
2038
2038
2038
2038
2039
2039
2039
2039
2039
2039
2038
2038
2038
2037
2037
2036
2035
2034
2034
2033
2032
2031
2030
2029
2029
2029
2030
2030
2031
2031
2031
2030
2029
2027
2026
2025
2025
2026
2028
2029
2029
2029
2027
2026
2026
2025
2025
2025
2025
2025
2025
2025
2025
2025
2025
2025
2025
2026
2026
2026
2026
2027
2027
2027
2028
2028
2029
2029
2030
2030
2030
2030
2030
2031
2032
2033
2035
2036
2036
2036
2036
2036
2036
2037
2037
2037
2037
2037
2037
2037
2037
2037
2037
2037
2036
2036
2035
2035
2035
2036
2036
2035
2035
2035
2035
2034
2034
2034
2034
2034
2035
2035
2036
2037
2037
2036
2035
2035
2034
2034
2034
2034
2034
2034
2034
2035
2035
2034
2033
2033
2032
2030
2029
2029
2031
2035
2041
2048
2056
2066
2078
2093
2111
2130
2149
2166
2182
2195
2206
2213
2216
2214
2208
2198
2185
2171
2156
2142
2129
2117
2106
2096
2086
2078
2070
2063
2056
2050
2045
2040
2036
2033
2030
2027
2024
2022
2019
2016
2012
2009
2007
2007
2007
2007
2007
2007
2006
2006
2006
2006
2004
2003
2002
2001
2001
2000
2000
2000
2001
2000
1999
1997
1996
1995
1994
1994
1995
1995
1995
1995
1996
1997
1997
1997
1997
1996
1996
1996
1996
1997
1997
1997
1997
1997
1998
1998
1999
2000
2000
1999
1999
1999
1999
1999
1999
1999
1999
2000
2001
2003
2004
2005
2005
2005
2005
2006
2007
2008
2008
2008
2008
2008
2009
2010
2011
2011
2011
2012
2013
2015
2016
2016
2015
2016
2017
2019
2021
2023
2025
2026
2027
2028
2030
2032
2034
2036
2038
2039
2040
2040
2040
2040
2040
2041
2041
2041
2042
2042
2042
2042
2043
2043
2043
2042
2041
2039
2038
2037
2037
2036
2035
2035
2034
2034
2033
2033
2033
2033
2033
2032
2030
2028
2027
2026
2024
2023
2023
2023
2024
2024
2024
2023
2022
2020
2019
2017
2016
2015
2013
2013
2012
2011
2010
2009
2009
2008
2007
2007
2006
2006
2006
2005
2005
2004
2004
2002
2001
2000
2000
2000
1999
1999
1999
1999
1999
2000
2000
2001
2002
2002
2001
2000
2000
2000
2000
2000
2000
1999
1998
1997
1997
1998
1998
1998
1998
1997
1997
1996
1996
1996
1996
1996
1997
1996
1996
1996
1996
1996
1997
1997
1997
1998
1998
1999
1998
1998
1998
1997
1996
1996
1997
1998
1999
2000
2000
2000
2001
2002
2002
2003
2003
2003
2003
2004
2005
2006
2008
2009
2010
2010
2010
2010
2010
2011
2011
2010
2009
2009
2010
2011
2013
2015
2015
2015
2014
2014
2014
2015
2016
2016
2015
2015
2016
2017
2019
2020
2019
2018
2017
2017
2017
2018
2019
2021
2023
2024
2025
2025
2024
2024
2024
2024
2025
2025
2026
2026
2025
2025
2023
2023
2023
2025
2027
2031
2035
2041
2048
2057
2068
2081
2097
2115
2135
2156
2176
2195
2210
2221
2228
2230
2229
2224
2216
2206
2193
2179
2165
2152
2141
2130
2119
2109
2100
2092
2084
2077
2071
2066
2061
2058
2055
2052
2049
2047
2044
2040
2037
2035
2033
2030
2027
2026
2025
2025
2026
2027
2027
2027
2026
2025
2024
2024
2023
2023
2023
2022
2022
2022
2022
2022
2023
2022
2021
2021
2020
2020
2021
2021
2022
2022
2022
2022
2022
2023
2024
2025
2026
2026
2025
2025
2026
2028
2030
2032
2032
2031
2030
2029
2029
2030
2032
2033
2033
2034
2034
2034
2034
2035
2035
2036
2036
2037
2040
2045
2052
2058
2062
2064
2064
2064
2063
2063
2064
2064
2063
2062
2061
2060
2059
2059
2059
2058
2057
2056
2054
2053
2052
2052
2051
2050
2049
2049
2049
2049
2048
2047
2046
2045
2043
2042
2041
2042
2042
2043
2042
2042
2041
2040
2041
2041
2041
2040
2040
2039
2039
2040
2039
2039
2039
2039
2038
2038
2037
2036
2035
2035
2035
2035
2035
2035
2036
2036
2036
2036
2036
2037
2038
2039
2038
2037
2036
2036
2036
2037
2037
2037
2037
2037
2037
2037
2038
2038
2038
2038
2038
2038
2038
2038
2038
2038
2038
2037
2038
2038
2040
2041
2042
2042
2043
2043
2043
2043
2043
2043
2043
2045
2047
2049
2050
2050
2050
2051
2051
2052
2053
2054
2055
2055
2055
2055
2056
2056
2056
2056
2055
2055
2055
2055
2056
2056
2057
2058
2058
2058
2059
2060
2061
2061
2062
2062
2061
2061
2061
2060
2060
2060
2060
2060
2060
2061
2062
2063
2063
2063
2063
2063
2064
2064
2063
2064
2064
2064
2063
2062
2062
2063
2065
2067
2072
2079
2088
2098
2110
2124
2141
2161
2181
2202
2221
2237
2250
2259
2264
2266
2263
2257
2248
2236
2223
2210
2197
2185
2174
2163
2153
2143
2133
2125
2117
2110
2104
2097
2092
2087
2083
2079
2076
2073
2070
2068
2066
2063
2061
2060
2060
2059
2058
2056
2055
2055
2055
2055
2055
2054
2053
2052
2050
2048
2048
2048
2049
2050
2050
2050
2050
2049
2049
2049
2049
2050
2050
2051
2051
2051
2050
2049
2049
2049
2049
2050
2050
2050
2051
2052
2052
2052
2052
2051
2051
2051
2052
2053
2054
2055
2054
2053
2052
2052
2051
2052
2052
2053
2054
2054
2053
2053
2052
2051
2050
2049
2049
2049
2049
2049
2049
2049
2048
2048
2048
2048
2048
2048
2047
2047
2047
2047
2047
2048
2048
2049
2049
2050
2051
2052
2053
2053
2054
2054
2054
2054
2054
2055
2056
2057
2058
2058
2058
2059
2059
2061
2062
2063
2063
2061
2059
2058
2057
2057
2057
2056
2056
2055
2055
2054
2054
2055
2054
2053
2052
2051
2051
2051
2051
2051
2050
2050
2049
2049
2049
2049
2049
2049
2049
2049
2049
2049
2048
2048
2047
2047
2047
2047
2046
2046
2046
2046
2047
2047
2047
2047
2047
2046
2045
2045
2044
2044
2044
2044
2044
2045
2045
2045
2044
2044
2044
2045
2045
2046
2047
2047
2048
2048
2048
2048
2048
2049
2050
2050
2050
2050
2049
2049
2049
2049
2050
2052
2054
2055
2055
2055
2055
2053
2052
2052
2053
2054
2055
2056
2057
2058
2058
2059
2060
2061
2062
2062
2063
2063
2065
2067
2068
2070
2070
2070
2071
2072
2075
2077
2078
2079
2079
2079
2079
2079
2080
2081
2082
2083
2084
2084
2083
2083
2084
2084
2085
2085
2085
2085
2084
2084
2084
2085
2086
2086
2087
2087
2087
2088
2088
2087
2086
2085
2085
2084
2084
2083
2084
2085
2086
2087
2087
2087
2087
2087
2087
2087
2087
2087
2088
2088
2086
2084
2083
2081
2081
2082
2083
2086
2089
2093
2099
2107
2115
2126
2138
2153
2170
2188
2205
2222
2237
2249
2259
2265
2268
2268
2263
2255
2244
2232
2220
2208
2196
2185
2174
2165
2155
2147
2139
2133
2127
2122
2116
2111
2106
2102
2098
2094
2091
2088
2085
2082
2080
2078
2076
2076
2076
2076
2076
2075
2074
2072
2070
2070
2070
2070
2070
2071
2072
2073
2075
2075
2074
2071
2068
2067
2066
2066
2067
2068
2069
2069
2069
2069
2068
2068
2066
2064
2063
2063
2064
2064
2063
2062
2061
2061
2062
2061
2061
2060
2060
2059
2059
2059
2059
2059
2059
2058
2057
2055
2054
2053
2053
2053
2053
2053
2052
2051
2050
2050
2050
2049
2049
2049
2049
2049
2049
2048
2048
2048
2048
2048
2048
2048
2048
2048
2048
2048
2049
2050
2052
2054
2055
2055
2056
2057
2058
2060
2061
2063
2064
2064
2064
2065
2065
2066
2066
2066
2066
2066
2067
2068
2069
2070
2071
2072
2073
2074
2073
2072
2071
2071
2070
2069
2069
2069
2069
2068
2068
2068
2068
2069
2069
2068
2068
2068
2068
2066
2065
2064
2065
2065
2064
2063
2063
2062
2063
2063
2063
2062
2062
2062
2061
2061
2061
2061
2062
2062
2062
2060
2058
2057
2056
2056
2057
2057
2057
2057
2057
2057
2057
2055
2053
2051
2050
2050
2049
2049
2048
2047
2047
2048
2048
2049
2049
2049
2048
2047
2046
2044
2043
2042
2042
2042
2042
2042
2043
2044
2044
2043
2042
2041
2041
2042
2041
2041
2040
2039
2039
2039
2038
2038
2038
2038
2038
2039
2039
2039
2039
2039
2040
2041
2041
2041
2042
2043
2044
2046
2046
2046
2045
2044
2043
2043
2043
2043
2042
2042
2041
2040
2040
2039
2039
2039
2038
2038
2038
2039
2040
2040
2040
2040
2039
2038
2037
2038
2039
2040
2040
2040
2040
2040
2040
2040
2039
2038
2038
2039
2040
2041
2042
2042
2042
2041
2041
2041
2042
2043
2045
2048
2050
2054
2059
2066
2075
2086
2098
2112
2128
2145
2162
2177
2189
2199
2205
2207
2205
2199
2190
2180
2169
2158
2148
2138
2129
2120
2111
2104
2097
2091
2085
2079
2074
2068
2063
2060
2056
2052
2048
2045
2044
2044
2044
2043
2041
2039
2037
2035
2034
2034
2034
2034
2034
2034
2034
2033
2033
2033
2033
2033
2032
2031
2030
2030
2030
2030
2029
2029
2029
2029
2029
2028
2029
2029
2030
2032
2032
2032
2031
2030
2031
2031
2033
2033
2034
2034
2033
2033
2032
2032
2032
2033
2034
2034
2034
2035
2036
2036
2037
2036
2036
2035
2034
2034
2034
2035
2036
2037
2037
2036
2035
2035
2036
2036
2037
2037
2037
2037
2037
2037
2037
2037
2037
2038
2038
2038
2038
2038
2038
2039
2041
2043
2045
2046
2046
2045
2043
2043
2043
2044
2046
2047
2047
2047
2046
2046
2046
2046
2046
2046
2045
2045
2045
2045
2046
2045
2045
2044
2044
2045
2045
2044
2043
2041
2040
2040
2040
2040
2040
2040
2039
2038
2036
2036
2035
2035
2035
2035
2036
2035
2034
2033
2032
2032
2032
2032
2032
2032
2032
2031
2029
2028
2028
2028
2028
2029
2029
2028
2027
2026
2025
2024
2024
2025
2025
2024
2022
2021
2020
2019
2018
2018
2018
2018
2017
2017
2017
2016
2015
2014
2014
2014
2014
2013
2013
2013
2013
2013
2014
2015
2016
2017
2018
2018
2018
2017
2017
2017
2018
2019
2018
2017
2017
2016
2015
2015
2016
2017
2018
2019
2019
2019
2019
2018
2018
2019
2019
2019
2019
2020
2021
2021
2020
2019
2018
2018
2017
2018
2018
2019
2018
2018
2017
2017
2017
2018
2019
2019
2019
2019
2020
2020
2022
2023
2023
2023
2022
2022
2022
2023
2024
2025
2025
2025
2025
2026
2027
2028
2030
2031
2031
2031
2030
2030
2030
2030
2030
2030
2031
2032
2033
2035
2038
2041
2045
2051
2059
2067
2077
2088
2102
2118
2136
2154
2170
2183
2193
2200
2203
2202
2197
2190
2180
2169
2157
2146
2136
2125
2115
2105
2097
2089
2082
2076
2070
2065
2060
2056
2052
2049
2047
2044
2042
2041
2039
2036
2034
2032
2032
2031
2031
2030
2029
2027
2027
2027
2028
2028
2028
2028
2028
2028
2028
2029
2029
2030
2030
2030
2030
2031
2031
2032
2032
2033
2034
2036
2037
2038
2038
2038
2037
2036
2035
2036
2038
2040
2042
2044
2045
2045
2044
2043
2043
2044
2045
2046
2046
2047
2047
2047
2046
2046
2046
2046
2046
2046
2047
2046
2046
2045
2045
2045
2045
2045
2044
2044
2044
2045
2046
2047
2047
2047
2047
2046
2046
2047
2047
2048
2049
2050
2050
2050
2051
2052
2054
2055
2056
2056
2056
2056
2056
2056
2056
2057
2059
2061
2061
2061
2060
2060
2061
2061
2061
2061
2061
2060
2060
2060
2061
2061
2061
2062
2062
2062
2062
2063
2063
2064
2065
2067
2071
2076
2080
2083
2086
2089
2091
2093
2095
2096
2097
2096
2096
2096
2097
2098
2098
2098
2099
2099
2099
2099
2099
2098
2097
2096
2095
2094
2093
2093
2092
2091
2090
2088
2087
2086
2087
2088
2088
2088
2086
2084
2083
2081
2080
2079
2078
2079
2079
2079
2080
2080
2079
2077
2075
2074
2073
2072
2071
2069
2068
2067
2066
2067
2067
2067
2066
2066
2066
2066
2065
2064
2063
2062
2062
2062
2063
2063
2062
2061
2060
2060
2060
2060
2060
2059
2059
2058
2058
2058
2059
2060
2061
2062
2061
2060
2059
2058
2058
2058
2058
2058
2058
2059
2058
2058
2057
2056
2055
2054
2053
2053
2053
2053
2054
2054
2054
2053
2053
2052
2052
2052
2052
2051
2050
2049
2048
2048
2049
2050
2050
2050
2050
2050
2050
2050
2050
2050
2050
2051
2051
2052
2051
2051
2051
2051
2051
2050
2050
2050
2050
2050
2051
2053
2057
2064
2072
2082
2094
2108
2123
2140
2158
2175
2190
2202
2211
2218
2220
2218
2212
2203
2192
2180
2168
2157
2146
2135
2126
2117
2109
2101
2093
2086
2078
2071
2064
2059
2054
2051
2049
2048
2047
2046
2044
2041
2038
2036
2034
2034
2033
2033
2033
2033
2034
2035
2035
2034
2033
2033
2032
2031
2031
2031
2032
2032
2032
2032
2031
2031
2030
2031
2033
2035
2036
2035
2035
2034
2034
2034
2035
2035
2035
2036
2037
2037
2037
2037
2037
2037
2037
2037
2038
2039
2040
2042
2042
2042
2041
2040
2040
2041
2041
2041
2041
2040
2040
2040
2040
2039
2039
2039
2039
2039
2038
2038
2038
2037
2037
2036
2036
2035
2034
2034
2035
2036
2037
2038
2039
2040
2041
2041
2041
2041
2042
2042
2043
2044
2044
2045
2046
2047
2047
2048
2048
2047
2047
2047
2047
2047
2048
2049
2049
2049
2049
2048
2048
2049
2049
2049
2048
2047
2045
2044
2043
2042
2041
2041
2040
2040
2040
2040
2040
2040
2040
2040
2040
2039
2038
2038
2037
2038
2038
2037
2036
2035
2034
2033
2032
2032
2032
2032
2032
2031
2031
2030
2029
2029
2028
2028
2029
2029
2030
2030
2030
2030
2029
2028
2028
2029
2029
2028
2027
2027
2027
2027
2027
2027
2027
2027
2027
2026
2026
2027
2027
2027
2027
2028
2028
2028
2028
2028
2028
2028
2028
2028
2028
2029
2030
2030
2030
2030
2029
2029
2029
2029
2029
2030
2030
2031
2030
2029
2028
2028
2029
2030
2030
2031
2031
2031
2031
2032
2033
2033
2034
2034
2034
2035
2035
2036
2036
2036
2036
2036
2036
2036
2037
2037
2038
2038
2038
2039
2039
2040
2040
2040
2039
2038
2037
2037
2036
2036
2037
2037
2038
2037
2037
2037
2037
2037
2037
2037
2037
2037
2036
2036
2037
2037
2038
2038
2038
2039
2039
2040
2040
2040
2039
2039
2039
2039
2039
2039
2040
2041
2044
2047
2053
2059
2068
2078
2090
2103
2117
2133
2151
2168
2183
2196
2204
2210
2211
2208
2202
2195
2186
2175
2164
2154
2144
2134
2125
2116
2108
2101
2095
2090
2085
2080
2076
2072
2068
2065
2062
2059
2056
2054
2052
2051
2051
2050
2050
2049
2048
2047
2047
2046
2046
2046
2046
2046
2046
2047
2047
2047
2048
2048
2048
2048
2047
2046
2044
2041
2040
2038
2037
2036
2036
2036
2036
2036
2036
2036
2036
2035
2035
2036
2037
2037
2038
2038
2039
2039
2040
2040
2041
2041
2042
2044
2044
2045
2045
2045
2045
2045
2046
2046
2046
2046
2047
2048
2048
2049
2049
2049
2050
2050
2050
2050
2050
2051
2052
2054
2054
2054
2055
2055
2055
2055
2056
2057
2057
2058
2058
2059
2060
2060
2061
2062
2063
2063
2064
2065
2066
2068
2070
2071
2071
2070
2068
2066
2066
2067
2068
2069
2069
2070
2069
2068
2067
2066
2067
2067
2068
2068
2067
2068
2068
2068
2068
2067
2067
2066
2066
2066
2068
2069
2070
2070
2069
2068
2067
2068
2068
2068
2068
2068
2068
2068
2069
2070
2070
2070
2070
2070
2069
2068
2067
2067
2067
2066
2066
2066
2065
2065
2065
2066
2066
2067
2067
2066
2065
2065
2065
2066
2066
2066
2067
2067
2069
2070
2070
2070
2071
2071
2072
2071
2071
2069
2068
2068
2068
2068
2069
2069
2069
2068
2067
2066
2065
2065
2064
2064
2063
2063
2063
2063
2064
2066
2066
2066
2065
2065
2066
2066
2067
2067
2066
2066
2066
2066
2066
2066
2067
2067
2069
2070
2071
2071
2071
2070
2070
2069
2069
2068
2067
2066
2065
2065
2065
2065
2065
2064
2063
2063
2063
2063
2063
2063
2062
2061
2060
2060
2059
2059
2058
2058
2059
2059
2060
2059
2058
2057
2056
2056
2056
2057
2057
2058
2058
2058
2057
2057
2056
2056
2057
2057
2057
2057
2057
2058
2061
2065
2070
2077
2084
2091
2098
2108
2121
2137
2155
2172
2187
2200
2209
2215
2217
2216
2211
2204
2195
2184
2173
2162
2152
2143
2134
2126
2117
2109
2101
2094
2088
2082
2077
2073
2070
2066
2063
2060
2056
2053
2051
2048
2046
2045
2045
2044
2044
2043
2042
2040
2039
2038
2037
2036
2035
2034
2034
2035
2035
2035
2035
2035
2035
2035
2035
2034
2034
2034
2033
2032
2031
2030
2029
2030
2030
2031
2031
2032
2033
2033
2032
2031
2031
2031
2032
2032
2031
2031
2031
2031
2031
2031
2031
2031
2031
2032
2032
2032
2033
2034
2034
2035
2035
2035
2034
2034
2033
2033
2034
2035
2035
2034
2034
2034
2034
2034
2035
2036
2037
2037
2036
2036
2036
2038
2040
2042
2043
2044
2044
2044
2043
2042
2042
2043
2044
2046
2047
2048
2049
2049
2048
2048
2047
2047
2047
2048
2048
2049
2048
2047
2046
2045
2044
2045
2045
2045
2045
2044
2043
2042
2042
2042
2042
2043
2043
2043
2042
2042
2041
2041
2041
2041
2042
2043
2043
2042
2040
2038
2038
2038
2038
2038
2038
2038
2038
2038
2037
2037
2037
2037
2038
2039
2040
2041
2041
2041
2040
2040
2040
2040
2039
2040
2040
2041
2042
2042
2042
2041
2041
2042
2042
2042
2041
2041
2040
2039
2040
2041
2042
2043
2043
2042
2041
2040
2039
2039
2040
2041
2042
2042
2042
2042
2041
2040
2040
2040
2042
2043
2044
2044
2044
2044
2043
2042
2042
2041
2041
2041
2041
2042
2042
2042
2041
2040
2040
2040
2040
2041
2040
2040
2039
2039
2038
2037
2037
2036
2034
2033
2032
2033
2033
2033
2032
2030
2029
2028
2028
2028
2029
2029
2028
2028
2027
2028
2028
2028
2028
2027
2027
2028
2028
2028
2028
2027
2027
2027
2027
2026
2026
2027
2027
2027
2026
2025
2023
2022
2021
2021
2022
2023
2024
2027
2031
2037
2043
2051
2061
2072
2085
2101
2119
2137
2155
2170
2181
2189
2192
2191
2186
2179
2169
2157
2145
2134
2123
2112
2102
2093
2084
2077
2070
2065
2059
2054
2050
2046
2043
2040
2038
2035
2032
2029
2027
2026
2025
2023
2022
2021
2019
2018
2016
2015
2015
2016
2016
2016
2015
2014
2014
2015
2016
2017
2017
2018
2018
2017
2016
2015
2016
2017
2018
2020
2021
2021
2020
2020
2020
2021
2022
2022
2022
2022
2023
2024
2025
2026
2027
2029
2030
2030
2031
2031
2032
2033
2034
2035
2035
2036
2036
2037
2037
2037
2036
2036
2037
2037
2037
2038
2038
2038
2037
2036
2036
2036
2037
2037
2037
2038
2038
2037
2037
2036
2036
2036
2037
2038
2039
2040
2040
2041
2041
2041
2041
2041
2042
2043
2043
2044
2045
2047
2047
2048
2048
2048
2048
2048
2048
2047
2047
2046
2046
2045
2044
2043
2043
2043
2043
2043
2042
2041
2040
2039
2037
2036
2034
2033
2030
2028
2026
2024
2022
2020
2017
2014
2012
2010
2008
2007
2006
2005
2005
2004
2003
2001
2000
1999
1998
1997
1996
1995
1994
1994
1993
1992
1991
1991
1991
1992
1992
1991
1990
1989
1987
1986
1985
1986
1986
1986
1986
1986
1986
1986
1987
1987
1987
1988
1988
1988
1988
1989
1990
1990
1990
1990
1989
1989
1990
1990
1991
1993
1994
1995
1996
1997
1998
1998
1997
1998
1999
2000
2000
2001
2000
2000
1999
1999
1998
1998
1998
1998
1997
1998
1999
2000
2001
2001
2000
2000
2000
1998
1996
1994
1992
1991
1990
1989
1988
1987
1987
1986
1986
1984
1983
1980
1978
1976
1975
1974
1973
1972
1971
1969
1968
1968
1969
1969
1969
1969
1969
1969
1969
1969
1969
1969
1970
1971
1971
1971
1971
1972
1972
1972
1972
1971
1971
1971
1971
1972
1973
1975
1977
1980
1985
1992
2002
2012
2025
2039
2055
2072
2090
2108
2124
2137
2146
2151
2152
2150
2143
2133
2122
2110
2098
2087
2077
2068
2060
2052
2046
2040
2035
2029
2023
2017
2012
2007
2003
2000
1997
1995
1992
1990
1989
1988
1987
1985
1984
1984
1983
1982
1981
1980
1979
1979
1978
1978
1978
1977
1976
1976
1976
1976
1977
1977
1977
1977
1977
1978
1979
1979
1979
1978
1976
1975
1976
1977
1978
1979
1979
1979
1978
1977
1977
1977
1977
1977
1978
1978
1978
1978
1977
1977
1979
1980
1981
1982
1982
1981
1980
1979
1979
1978
1978
1977
1977
1977
1977
1978
1978
1978
1979
1979
1979
1979
1979
1979
1979
1979
1980
1981
1982
1982
1982
1982
1981
1981
1982
1983
1984
1984
1985
1985
1986
1987
1987
1988
1989
1990
1990
1992
1994
1996
1997
1997
1996
1995
1995
1995
1995
1995
1996
1996
1996
1996
1996
1996
1996
1996
1996
1997
1998
1999
2000
2000
1999
1999
1999
1998
1998
1997
1997
1997
1997
1998
1998
1998
1998
1998
1999
2000
2000
2000
1999
1998
1998
1998
1998
1999
1999
1999
1998
1998
1998
1998
1998
1999
2000
2001
2002
2002
2002
2001
2001
2001
2001
2000
2000
1999
1999
1999
1999
1999
1999
2000
2000
2000
2001
2001
2000
1999
1999
1998
1998
1999
2000
2000
2000
2000
1999
1998
1999
2000
2000
2001
2002
2002
2001
2001
2001
2000
2000
2000
2001
2002
2002
2002
2003
2003
2002
2001
2002
2003
2005
2007
2008
2008
2009
2009
2009
2008
2008
2009
2010
2011
2012
2012
2012
2012
2013
2014
2015
2014
2014
2014
2013
2013
2013
2014
2014
2014
2014
2014
2015
2015
2015
2015
2015
2015
2016
2017
2018
2019
2019
2018
2018
2017
2018
2020
2022
2024
2026
2027
2027
2028
2028
2028
2028
2026
2025
2025
2026
2027
2029
2032
2036
2042
2048
2055
2064
2075
2089
2105
2124
2143
2161
2177
2190
2200
2206
2207
2204
2198
2189
2178
2168
2157
2147
2137
2127
2117
2109
2102
2095
2088
2082
2076
2070
2065
2061
2058
2056
2054
2052
2050
2049
2048
2047
2047
2046
2045
2044
2044
2045
2045
2046
2046
2047
2047
2046
2046
2047
2047
2048
2049
2049
2049
2049
2049
2049
2050
2050
2051
2051
2052
2052
2052
2053
2054
2056
2058
2059
2059
2059
2060
2060
2061
2061
2062
2062
2063
2063
2063
2064
2065
2065
2066
2066
2065
2066
2066
2068
2070
2072
2072
2071
2070
2069
2070
2072
2073
2073
2073
2073
2073
2073
2073
2074
2075
2075
2075
2075
2075
2076
2077
2078
2078
2078
2077
2077
2077
2078
2080
2082
2083
2083
2083
2084
2086
2088
2089
2090
2090
2090
2090
2090
2089
2089
2089
2090
2090
2091
2091
2091
2091
2091
2091
2091
2091
2090
2089
2088
2088
2088
2088
2088
2088
2088
2087
2087
2086
2086
2085
2085
2086
2086
2085
2084
2084
2084
2084
2084
2084
2084
2084
2083
2082
2082
2082
2082
2083
2083
2084
2083
2082
2081
2080
2080
2079
2080
2080
2081
2081
2080
2078
2077
2077
2077
2077
2076
2075
2075
2075
2075
2075
2075
2075
2076
2076
2076
2076
2076
2076
2076
2076
2076
2076
2076
2076
2076
2076
2076
2076
2075
2074
2073
2073
2073
2073
2073
2073
2072
2071
2070
2070
2070
2071
2072
2072
2072
2071
2070
2070
2071
2072
2073
2073
2073
2073
2072
2072
2072
2072
2073
2073
2074
2073
2073
2072
2072
2073
2074
2074
2074
2074
2073
2072
2072
2071
2071
2071
2070
2071
2072
2072
2073
2073
2072
2072
2071
2070
2070
2069
2069
2069
2069
2069
2069
2069
2069
2070
2071
2071
2072
2073
2074
2074
2074
2074
2074
2074
2074
2073
2073
2073
2074
2075
2077
2079
2082
2086
2093
2103
2114
2126
2140
2157
2175
2193
2211
2226
2237
2244
2248
2249
2247
2241
2232
2222
2211
2199
2188
2177
2166
2156
2147
2138
2129
2122
2115
2109
2103
2097
2093
2091
2089
2086
2082
2079
2076
2074
2072
2072
2072
2071
2071
2071
2070
2069
2069
2069
2069
2069
2069
2068
2067
2066
2066
2067
2067
2067
2066
2065
2065
2065
2067
2068
2069
2069
2068
2068
2068
2067
2067
2067
2068
2068
2069
2070
2070
2070
2069
2068
2068
2068
2068
2069
2070
2071
2070
2070
2069
2068
2068
2067
2065
2064
2063
2061
2060
2060
2060
2061
2061
2061
2059
2058
2058
2057
2057
2057
2057
2057
2056
2056
2055
2055
2055
2054
2053
2053
2054
2056
2057
2057
2057
2057
2057
2057
2059
2060
2061
2061
2061
2061
2061
2061
2061
2061
2060
2059
2059
2060
2061
2061
2060
2059
2058
2056
2055
2055
2055
2055
2055
2054
2054
2053
2051
2051
2050
2049
2048
2048
2048
2048
2048
2048
2048
2047
2046
2046
2045
2044
2044
2044
2044
2044
2042
2040
2039
2039
2040
2040
2040
2040
2039
2038
2037
2036
2036
2036
2036
2036
2035
2035
2034
2033
2033
2033
2032
2032
2032
2031
2031
2031
2030
2029
2029
2028
2028
2028
2028
2029
2030
2030
2029
2028
2026
2024
2023
2022
2021
2021
2021
2022
2022
2023
2024
2023
2022
2021
2021
2022
2022
2021
2020
2019
2018
2018
2018
2019
2020
2021
2022
2022
2022
2021
2021
2020
2018
2017
2017
2017
2018
2020
2021
2022
2023
2023
2023
2023
2023
2023
2023
2022
2022
2021
2021
2020
2018
2017
2016
2015
2016
2016
2016
2015
2015
2015
2013
2013
2012
2011
2010
2010
2009
2008
2007
2006
2006
2007
2008
2008
2008
2007
2006
2005
2005
2005
2005
2005
2005
2005
2006
2007
2008
2008
2009
2008
2008
2007
2007
2006
2006
2007
2008
2010
2014
2018
2024
2031
2039
2050
2063
2079
2095
2111
2126
2138
2148
2156
2160
2161
2159
2153
2145
2135
2125
2115
2105
2095
2085
2075
2067
2060
2054
2047
2042
2036
2031
2027
2022
2018
2013
2010
2007
2006
2004
2003
2002
2000
1998
1996
1995
1994
1993
1992
1992
1991
1991
1989
1988
1988
1988
1989
1990
1990
1990
1989
1989
1989
1990
1991
1992
1992
1992
1991
1992
1992
1993
1995
1997
1998
1998
1997
1997
1997
1997
1998
1998
1999
1999
2000
2000
2000
2000
2000
1999
1998
1998
1997
1997
1998
1998
1997
1996
1995
1995
1995
1996
1997
1999
1999
1999
1998
1996
1995
1995
1995
1995
1995
1994
1994
1995
1996
1997
1998
1997
1996
1994
1993
1993
1994
1995
1996
1997
1997
1997
1997
1998
1999
2000
2000
2001
2002
2002
2003
2005
2006
2006
2006
2005
2004
2003
2003
2003
2003
2003
2002
2002
2001
2001
2001
2001
2001
2001
2001
2000
2000
1999
1999
2000
2000
1999
1998
1996
1996
1997
1997
1998
1998
1998
1998
1998
1999
2000
2001
2002
2002
2003
2002
2002
2001
2001
2000
2001
2001
2003
2004
2005
2005
2005
2006
2008
2008
2008
2008
2009
2010
2011
2013
2014
2014
2014
2014
2015
2015
2016
2017
2017
2017
2017
2016
2016
2016
2017
2017
2017
2017
2015
2013
2012
2013
2014
2015
2015
2015
2015
2014
2015
2014
2014
2012
2011
2011
2011
2012
2013
2014
2015
2015
2015
2015
2015
2016
2016
2016
2016
2016
2015
2015
2016
2017
2019
2021
2025
2030
2036
2044
2053
2064
2076
2090
2105
2120
2134
2148
2159
2168
2174
2176
2175
2170
2162
2153
2142
2131
2120
2110
2100
2091
2084
2077
2070
2065
2061
2057
2054
2050
2047
2044
2040
2037
2034
2032
2030
2028
2026
2026
2025
2025
2026
2027
2027
2027
2026
2026
2026
2025
2025
2025
2026
2028
2029
2030
2030
2030
2030
2031
2031
2032
2032
2033
2034
2035
2036
2037
2038
2039
2040
2040
2041
2041
2042
2042
2043
2043
2044
2044
2045
2046
2047
2048
2049
2050
2050
2051
2051
2052
2052
2053
2053
2054
2055
2056
2057
2058
2058
2057
2056
2056
2057
2057
2058
2059
2059
2059
2060
2061
2062
2063
2063
2063
2063
2063
2064
2065
2066
2066
2066
2066
2068
2069
2070
2071
2071
2071
2071
2071
2072
2072
2073
2074
2073
2073
2073
2072
2072
2072
2072
2072
2072
2072
2072
2071
2070
2069
2069
2070
2070
2071
2070
2070
2069
2069
2069
2069
2069
2070
2070
2069
2069
2069
2068
2066
2066
2065
2066
2066
2066
2066
2067
2067
2067
2066
2066
2066
2066
2067
2067
2068
2068
2068
2068
2068
2067
2066
2066
2066
2067
2067
2067
2066
2065
2065
2064
2063
2063
2062
2062
2062
2062
2062
2062
2063
2064
2065
2064
2064
2063
2063
2063
2063
2063
2063
2063
2063
2062
2062
2063
2063
2063
2063
2063
2064
2064
2064
2064
2064
2065
2067
2069
2069
2070
2069
2069
2070
2070
2071
2070
2069
2068
2068
2068
2069
2070
2070
2070
2069
2069
2068
2067
2066
2066
2066
2066
2066
2065
2065
2065
2065
2066
2066
2066
2065
2064
2063
2062
2062
2061
2061
2061
2061
2062
2062
2062
2062
2063
2064
2064
2064
2063
2062
2063
2063
2063
2063
2063
2063
2063
2063
2065
2068
2072
2078
2084
2091
2100
2111
2124
2139
2154
2170
2184
2198
2208
2216
2220
2220
2216
2209
2199
2189
2178
2167
2157
2147
2138
2130
2123
2117
2111
2106
2101
2096
2091
2086
2082
2079
2076
2072
2069
2067
2064
2061
2059
2058
2057
2056
2055
2054
2052
2051
2050
2049
2049
2049
2049
2049
2049
2049
2049
2048
2047
2047
2047
2047
2046
2046
2045
2046
2047
2047
2048
2048
2047
2046
2046
2046
2047
2048
2048
2048
2048
2048
2048
2049
2049
2049
2050
2050
2051
2051
2051
2051
2051
2051
2051
2051
2051
2052
2053
2054
2055
2055
2055
2055
2055
2056
2056
2056
2057
2057
2057
2058
2058
2058
2058
2058
2058
2058
2058
2058
2058
2059
2061
2063
2064
2064
2064
2063
2063
2064
2065
2065
2066
2066
2067
2067
2067
2068
2068
2069
2069
2068
2067
2065
2065
2065
2065
2065
2064
2063
2063
2063
2063
2063
2062
2062
2061
2061
2061
2061
2061
2061
2061
2061
2060
2061
2061
2061
2060
2060
2059
2058
2057
2056
2056
2057
2057
2057
2056
2056
2057
2057
2057
2057
2057
2057
2057
2056
2056
2056
2057
2057
2057
2058
2059
2060
2061
2061
2060
2059
2058
2057
2058
2058
2059
2059
2059
2058
2059
2060
2060
2060
2060
2061
2062
2063
2064
2064
2064
2064
2064
2063
2064
2064
2065
2066
2066
2066
2065
2064
2064
2066
2068
2069
2069
2069
2069
2069
2070
2070
2070
2069
2068
2068
2068
2068
2068
2067
2067
2066
2066
2066
2066
2066
2065
2065
2064
2064
2064
2063
2063
2063
2063
2063
2063
2063
2062
2062
2062
2062
2062
2062
2062
2061
2061
2060
2060
2059
2058
2059
2060
2062
2063
2062
2062
2061
2060
2061
2061
2062
2062
2063
2066
2070
2075
2080
2087
2097
2108
2121
2136
2152
2168
2184
2199
2210
2218
2222
2221
2218
2211
2202
2192
2181
2170
2161
2152
2142
2133
2124
2117
2110
2104
2098
2093
2087
2083
2079
2075
2072
2069
2067
2065
2063
2060
2058
2057
2056
2055
2054
2054
2054
2053
2052
2052
2052
2053
2053
2053
2052
2052
2052
2052
2052
2052
2052
2052
2052
2051
2050
2049
2048
2048
2047
2047
2047
2048
2049
2050
2050
2050
2049
2049
2050
2051
2052
2053
2053
2053
2054
2054
2055
2055
2055
2056
2057
2058
2059
2060
2060
2060
2060
2060
2060
2059
2058
2058
2058
2058
2058
2058
2057
2056
2054
2052
2051
2052
2052
2052
2052
2052
2051
2051
2050
2050
2050
2050
2050
2050
2049
2049
2049
2050
2050
2051
2051
2051
2050
2049
2050
2051
2052
2053
2053
2054
2056
2057
2058
2059
2061
2061
2060
2060
2060
2060
2062
2062
2062
2062
2062
2062
2062
2062
2062
2061
2061
2061
2062
2063
2063
2062
2061
2059
2058
2058
2057
2057
2055
2054
2052
2051
2051
2050
2050
2049
2049
2048
2047
2047
2046
2045
2044
2043
2042
2041
2041
2042
2042
2042
2043
2042
2042
2041
2040
2039
2039
2038
2038
2038
2038
2038
2039
2040
2041
2042
2043
2044
2044
2043
2040
2038
2037
2038
2038
2038
2037
2037
2037
2038
2038
2038
2038
2037
2036
2035
2034
2033
2033
2033
2033
2033
2033
2035
2036
2037
2037
2037
2037
2036
2035
2034
2032
2031
2030
2030
2030
2030
2030
2030
2029
2028
2027
2026
2024
2023
2022
2021
2020
2020
2020
2019
2019
2020
2020
2019
2019
2018
2017
2017
2017
2017
2016
2016
2015
2014
2014
2015
2016
2017
2017
2016
2015
2013
2013
2012
2012
2012
2012
2012
2013
2015
2018
2023
2028
2036
2045
2055
2068
2083
2100
2118
2136
2152
2166
2177
2183
2185
2183
2177
2169
2160
2149
2138
2127
2117
2107
2099
2091
2083
2076
2070
2063
2058
2053
2049
2045
2042
2038
2035
2032
2030
2029
2028
2026
2024
2022
2020
2018
2017
2017
2017
2017
2017
2016
2015
2015
2015
2015
2014
2013
2012
2012
2012
2011
2010
2010
2010
2010
2010
2010
2010
2011
2012
2012
2012
2013
2013
2014
2015
2015
2015
2016
2016
2016
2016
2016
2016
2017
2018
2019
2020
2020
2020
2020
2021
2021
2022
2023
2025
2026
2026
2025
2023
2022
2022
2024
2026
2028
2029
2029
2029
2029
2029
2029
2028
2028
2028
2028
2029
2030
2031
2032
2032
2032
2031
2031
2032
2033
2034
2034
2034
2033
2033
2033
2034
2034
2036
2037
2038
2038
2038
2038
2038
2039
2039
2040
2040
2039
2039
2039
2038
2037
2037
2037
2037
2037
2037
2036
2036
2035
2034
2033
2032
2031
2031
2031
2030
2030
2029
2028
2028
2028
2028
2028
2027
2026
2026
2025
2024
2024
2023
2023
2023
2023
2022
2022
2021
2020
2019
2019
2018
2017
2016
2016
2016
2017
2018
2019
2019
2017
2016
2014
2013
2014
2015
2016
2015
2015
2014
2014
2014
2013
2013
2013
2013
2014
2015
2015
2015
2015
2013
2011
2010
2010
2009
2008
2007
2006
2006
2006
2006
2006
2006
2006
2007
2008
2008
2008
2008
2008
2008
2008
2008
2009
2009
2010
2010
2010
2009
2009
2008
2008
2007
2008
2009
2010
2010
2010
2009
2008
2008
2007
2007
2006
2006
2006
2006
2005
2005
2003
2003
2003
2003
2003
2002
2002
2001
2001
2000
1999
1999
1999
1998
1998
1997
1997
1997
1997
1997
1998
1999
2001
2003
2004
2004
2003
2001
2000
1999
2000
2001
2002
2002
2002
2001
2001
2001
2001
2003
2006
2010
2015
2022
2030
2039
2050
2064
2079
2096
2114
2130
2144
2156
2163
2168
2169
2166
2160
2151
2141
2129
2118
2107
2098
2090
2081
2073
2065
2058
2052
2047
2043
2038
2034
2030
2026
2024
2021
2020
2017
2015
2013
2011
2010
2009
2008
2007
2006
2005
2005
2006
2006
2006
2006
2006
2006
2005
2005
2005
2004
2004
2003
2004
2005
2005
2005
2005
2005
2005
2005
2006
2006
2006
2007
2009
2010
2011
2012
2013
2012
2012
2012
2011
2011
2011
2012
2013
2015
2016
2017
2017
2017
2016
2016
2017
2018
2020
2021
2021
2021
2021
2022
2022
2022
2023
2024
2024
2024
2025
2025
2025
2024
2024
2025
2025
2027
2028
2029
2029
2029
2030
2032
2034
2036
2037
2039
2040
2041
2042
2042
2042
2042
2042
2043
2045
2046
2047
2048
2048
2047
2047
2047
2047
2047
2048
2050
2052
2052
2052
2052
2051
2052
2052
2052
2052
2051
2051
2051
2050
2050
2050
2051
2052
2053
2053
2052
2052
2052
2052
2052
2052
2051
2052
2052
2053
2054
2053
2053
2052
2052
2053
2054
2055
2056
2056
2055
2054
2054
2055
2056
2056
2057
2058
2059
2059
2059
2059
2059
2059
2059
2060
2061
2062
2063
2063
2063
2063
2063
2063
2063
2062
2062
2063
2064
2064
2064
2064
2063
2063
2063
2063
2063
2064
2064
2065
2065
2065
2065
2065
2066
2066
2066
2065
2065
2064
2064
2064
2063
2063
2062
2061
2062
2062
2062
2062
2063
2064
2064
2064
2064
2065
2065
2065
2065
2064
2063
2062
2063
2063
2065
2066
2067
2068
2069
2069
2070
2070
2071
2072
2073
2073
2072
2073
2073
2074
2075
2075
2074
2075
2075
2076
2076
2076
2075
2075
2075
2076
2077
2077
2077
2078
2078
2079
2080
2080
2080
2080
2080
2079
2079
2079
2079
2080
2081
2081
2081
2081
2081
2081
2081
2083
2084
2084
2084
2083
2082
2081
2081
2081
2083
2087
2092
2096
2101
2106
2112
2120
2130
2143
2157
2173
2188
2202
2215
2226
2235
2240
2242
2239
2232
2222
2210
2198
2188
2179
2171
2164
2157
2150
2144
2138
2133
2128
2124
2119
2115
2110
2107
2104
2102
2101
2100
2098
2096
2094
2091
2089
2088
2087
2087
2088
2088
2087
2086
2085
2086
2087
2087
2087
2086
2086
2087
2087
2087
2088
2089
2090
2090
2091
2091
2091
2091
2091
2091
2091
2091
2091
2092
2092
2093
2094
2094
2095
2095
2096
2096
2096
2096
2097
2098
2099
2100
2100
2100
2101
2102
2103
2104
2104
2103
2104
2104
2105
2105
2106
2107
2107
2108
2109
2110
2111
2112
2113
2114
2114
2114
2114
2115
2115
2116
2116
2116
2115
2115
2115
2115
2116
2116
2117
2118
2119
2119
2120
2120
2121
2122
2122
2123
2123
2123
2122
2122
2122
2123
2123
2123
2122
2122
2122
2122
2122
2122
2122
2123
2123
2123
2122
2121
2120
2120
2120
2120
2120
2120
2119
2119
2119
2119
2118
2119
2119
2119
2119
2118
2117
2117
2116
2116
2116
2116
2116
2116
2116
2116
2116
2115
2115
2115
2115
2115
2116
2116
2115
2115
2115
2116
2116
2117
2117
2117
2116
2116
2116
2115
2115
2113
2112
2111
2110
2111
2111
2111
2111
2110
2110
2110
2110
2109
2109
2108
2108
2107
2106
2105
2105
2105
2105
2104
2102
2100
2099
2098
2098
2099
2099
2100
2101
2101
2100
2099
2098
2097
2096
2096
2096
2096
2096
2096
2096
2097
2097
2097
2095
2094
2093
2093
2092
2091
2090
2089
2089
2088
2087
2085
2083
2081
2079
2078
2075
2073
2072
2071
2070
2068
2067
2065
2064
2062
2061
2061
2060
2060
2059
2059
2058
2056
2054
2052
2051
2050
2050
2050
2050
2050
2049
2048
2048
2047
2047
2046
2046
2045
2045
2044
2044
2045
2047
2050
2054
2058
2064
2071
2080
2090
2102
2114
2126
2138
2150
2160
2169
2174
2174
2170
2162
2150
2138
2126
2115
2105
2096
2089
2081
2075
2069
2064
2060
2055
2051
2047
2043
2040
2037
2034
2031
2029
2026
2023
2021
2020
2020
2019
2017
2015
2013
2012
2010
2010
2009
2008
2007
2006
2006
2006
2006
2006
2005
2004
2004
2004
2004
2004
2004
2004
2004
2004
2004
2004
2003
2004
2004
2003
2003
2003
2003
2003
2004
2005
2006
2006
2007
2007
2007
2006
2007
2008
2009
2010
2011
2012
2013
2014
2015
2016
2016
2016
2016
2016
2016
2017
2018
2019
2021
2022
2022
2022
2021
2022
2023
2024
2025
2025
2026
2026
2026
2025
2024
2024
2024
2024
2024
2024
2024
2023
2023
2022
2022
2021
2021
2022
2022
2021
2021
2020
2019
2018
2018
2018
2017
2016
2014
2012
2011
2010
2010
2009
2008
2007
2006
2005
2005
2004
2003
2002
2001
2001
2001
2002
2001
2000
2000
1999
1999
1999
1999
1999
1999
1999
1998
1998
1998
1997
1997
1997
1997
1997
1996
1994
1993
1991
1991
1990
1990
1990
1990
1990
1990
1989
1988
1987
1987
1988
1988
1987
1986
1986
1985
1985
1984
1984
1983
1983
1983
1984
1984
1983
1983
1982
1982
1981
1981
1980
1980
1980
1980
1979
1978
1977
1976
1975
1974
1974
1975
1975
1975
1976
1976
1976
1975
1974
1974
1975
1975
1975
1975
1975
1975
1976
1976
1976
1976
1975
1974
1975
1976
1978
1979
1978
1976
1974
1973
1973
1973
1973
1973
1973
1974
1974
1973
1972
1971
1971
1970
1969
1969
1968
1968
1968
1967
1968
1968
1968
1969
1969
1969
1969
1969
1968
1968
1969
1969
1970
1970
1970
1971
1971
1971
1972
1974
1975
1976
1976
1975
1974
1974
1975
1976
1977
1980
1984
1990
1996
2002
2009
2018
2029
2042
2056
2070
2084
2096
2106
2113
2117
2117
2114
2107
2097
2085
2073
2061
2051
2044
2037
2031
2026
2020
2015
2010
2005
2000
1996
1992
1989
1987
1985
1983
1982
1980
1979
1977
1975
1974
1973
1972
1972
1971
1971
1971
1971
1972
1972
1972
1972
1971
1970
1970
1970
1969
1970
1970
1970
1969
1969
1969
1970
1971
1971
1970
1970
1969
1969
1969
1969
1969
1970
1971
1972
1972
1972
1971
1970
1970
1971
1972
1973
1974
1975
1975
1974
1975
1976
1977
1979
1979
1979
1978
1978
1978
1979
1979
1980
1980
1981
1981
1982
1982
1982
1982
1983
1984
1986
1987
1987
1987
1987
1987
1987
1988
1989
1990
1991
1990
1990
1990
1991
1992
1994
1996
1997
1999
1999
1999
1999
1999
1998
1998
1998
1997
1997
1996
1996
1997
1997
1997
1997
1997
1997
1997
1997
1997
1997
1997
1997
1997
1997
1998
1998
1999
1999
1999
1998
1997
1996
1995
1995
1996
1997
1998
1998
1998
1997
1997
1997
1997
1998
1998
1997
1996
1995
1995
1995
1996
1997
1997
1998
1999
2000
2000
2000
1999
1998
1997
1997
1997
1997
1997
1995
1994
1994
1995
1996
1996
1996
1995
1995
1996
1997
1998
1998
1997
1996
1994
1993
1991
1989
1987
1986
1986
1985
1984
1983
1982
1981
1979
1978
1977
1977
1976
1976
1976
1975
1974
1973
1972
1972
1971
1971
1971
1972
1973
1973
1972
1972
1973
1972
1971
1970
1969
1969
1970
1971
1972
1973
1973
1974
1974
1975
1977
1979
1981
1982
1983
1984
1984
1984
1984
1984
1985
1985
1986
1987
1988
1987
1987
1986
1987
1988
1989
1989
1989
1989
1989
1988
1988
1988
1989
1989
1989
1989
1989
1989
1989
1989
1989
1989
1989
1990
1990
1992
1993
1994
1994
1994
1994
1994
1994
1995
1996
1997
1998
1998
1998
1997
1996
1996
1997
1999
2000
2001
2000
1999
1997
1996
1997
1999
2003
2010
2018
2027
2038
2050
2064
2079
2096
2115
2134
2152
2168
2180
2189
2195
2197
2195
2188
2178
2166
2153
2140
2127
2114
2103
2093
2084
2077
2070
2063
2057
2051
2045
2040
2036
2031
2028
2025
2023
2020
2017
2015
2012
2010
2008
2006
2004
2003
2001
2000
1999
1998
1998
1997
1997
1997
1997
1997
1998
1999
1999
2000
2000
2000
2000
2000
2000
2000
2000
2000
1999
2000
2001
2001
2002
2003
2004
2005
2006
2006
2006
2006
2007
2007
2008
2009
2011
2013
2014
2015
2017
2018
2018
2019
2019
2020
2021
2022
2022
2023
2024
2024
2024
2024
2025
2026
2026
2026
2026
2026
2026
2027
2028
2028
2029
2028
2028
2028
2029
2029
2030
2031
2031
2031
2030
2030
2031
2032
2034
2036
2037
2038
2040
2042
2044
2046
2048
2049
2049
2050
2052
2053
2054
2056
2058
2059
2061
2062
2063
2064
2065
2066
2068
2070
2072
2075
2076
2078
2080
2082
2084
2085
2086
2088
2089
2090
2091
2092
2093
2093
2093
2095
2096
2098
2099
2100
2102
2103
2104
2104
2104
2105
2106
2107
2108
2109
2110
2110
2110
2110
2109
2109
2109
2110
2111
2112
2113
2114
2116
2117
2119
2119
2118
2117
2115
2115
2114
2114
2115
2116
2117
2116
2116
2115
2115
2116
2116
2117
2117
2116
2115
2115
2115
2116
2117
2117
2118
2117
2116
2115
2113
2112
2112
2112
2112
2112
2113
2114
2114
2114
2113
2113
2112
2112
2111
2111
2112
2113
2114
2114
2114
2114
2114
2114
2115
2116
2117
2117
2116
2115
2114
2114
2114
2114
2115
2115
2116
2116
2116
2116
2115
2115
2114
2114
2113
2113
2114
2114
2114
2113
2111
2110
2110
2110
2110
2111
2111
2112
2113
2114
2114
2114
2114
2113
2113
2113
2113
2113
2113
2113
2113
2113
2114
2115
2115
2115
2114
2113
2112
2113
2114
2117
2120
2123
2128
2136
2145
2155
2168
2182
2199
2217
2234
2250
2265
2279
2289
2296
2299
2299
2295
2288
2278
2266
2253
2240
2228
2216
2206
2198
2189
2181
2174
2168
2162
2157
2152
2147
2142
2137
2133
2129
2126
2125
2124
2122
2120
2117
2114
2113
2112
2112
2112
2111
2111
2110
2111
2112
2114
2115
2116
2116
2117
2118
2119
2120
2121
2122
2123
2124
2124
2124
2125
2125
2125
2125
2126
2126
2126
2126
2126
2127
2127
2126
2126
2125
2124
2123
2122
2122
2123
2124
2125
2126
2126
2125
2125
2125
2125
2126
2126
2127
2127
2126
2126
2127
2127
2127
2127
2127
2127
2127
2128
2129
2129
2130
2131
2133
2135
2136
2137
2136
2136
2135
2135
2136
2137
2138
2138
2138
2139
2139
2139
2139
2140
2141
2142
2143
2144
2144
2144
2145
2145
2145
2145
2145
2146
2146
2145
2144
2143
2143
2142
2141
2141
2140
2139
2137
2135
2134
2134
2134
2134
2133
2132
2130
2128
2126
2125
2125
2125
2125
2124
2123
2122
2121
2120
2118
2116
2114
2113
2113
2112
2110
2109
2108
2108
2108
2108
2108
2106
2105
2104
2103
2102
2101
2100
2099
2099
2099
2098
2097
2096
2094
2092
2091
2089
2088
2088
2088
2088
2088
2087
2087
2086
2085
2084
2082
2081
2080
2080
2080
2080
2080
2079
2078
2076
2075
2075
2074
2074
2073
2073
2073
2074
2075
2075
2075
2074
2074
2073
2073
2073
2073
2074
2075
2076
2076
2075
2074
2072
2072
2072
2072
2072
2072
2072
2071
2070
2070
2069
2068
2066
2065
2065
2065
2066
2066
2065
2065
2065
2065
2064
2064
2063
2063
2062
2061
2060
2060
2060
2060
2061
2061
2062
2062
2062
2062
2061
2061
2061
2061
2060
2060
2060
2060
2059
2058
2058
2058
2058
2060
2062
2065
2069
2074
2080
2088
2096
2106
2117
2128
2139
2152
2166
2180
2192
2202
2207
2208
2205
2198
2188
2176
2164
2152
2140
2131
2123
2117
2112
2108
2103
2098
2092
2086
2080
2074
2070
2067
2064
2062
2060
2058
2057
2056
2055
2054
2053
2051
2049
2047
2047
2047
2047
2047
2047
2046
2045
2044
2043
2042
2042
2042
2042
2042
2042
2043
2044
2044
2044
2043
2042
2042
2042
2042
2042
2043
2042
2042
2041
2041
2041
2041
2041
2041
2041
2041
2040
2040
2041
2043
2044
2045
2045
2044
2043
2043
2044
2045
2046
2046
2046
2046
2047
2048
2049
2050
2050
2051
2051
2052
2053
2055
2055
2056
2057
2057
2057
2057
2057
2058
2058
2059
2061
2063
2064
2064
2064
2063
2062
2062
2062
2062
2063
2064
2064
2064
2063
2063
2063
2063
2064
2064
2063
2063
2062
2062
2061
2061
2060
2059
2058
2057
2055
2054
2053
2051
2050
2050
2050
2050
2051
2052
2052
2051
2050
2049
2048
2048
2047
2048
2048
2047
2047
2046
2046
2046
2045
2044
2044
2043
2043
2043
2042
2041
2040
2039
2038
2038
2039
2039
2039
2040
2039
2038
2038
2038
2038
2038
2037
2037
2036
2036
2035
2034
2033
2032
2031
2031
2030
2029
2029
2028
2028
2027
2027
2026
2025
2025
2025
2024
2024
2023
2022
2021
2020
2020
2021
2021
2021
2021
2020
2020
2019
2018
2017
2017
2018
2019
2020
2020
2019
2018
2017
2017
2017
2015
2014
2013
2012
2012
2011
2011
2010
2009
2007
2005
2004
2003
2001
1999
1997
1995
1993
1990
1988
1985
1982
1980
1979
1978
1977
1975
1974
1973
1972
1972
1972
1972
1972
1971
1969
1968
1966
1965
1964
1963
1962
1962
1962
1963
1964
1964
1963
1962
1961
1961
1962
1964
1967
1971
1976
1983
1989
1997
2006
2017
2028
2042
2056
2070
2083
2094
2102
2107
2107
2102
2094
2083
2071
2058
2046
2036
2027
2019
2012
2006
1999
1993
1987
1982
1977
1973
1969
1965
1961
1958
1956
1954
1952
1949
1946
1943
1942
1943
1944
1944
1944
1943
1942
1942
1943
1944
1944
1943
1942
1941
1941
1941
1942
1943
1943
1944
1943
1943
1943
1943
1944
1944
1944
1944
1944
1944
1944
1945
1945
1946
1948
1949
1950
1950
1950
1949
1949
1949
1949
1950
1951
1952
1953
1954
1954
1954
1953
1953
1952
1953
1954
1955
1956
1958
1959
1960
1960
1960
1960
1961
1962
1962
1962
1961
1960
1960
1961
1962
1962
1963
1964
1964
1965
1965
1964
1963
1964
1966
1967
1968
1968
1968
1968
1968
1968
1968
1969
1969
1970
1970
1971
1971
1971
1972
1972
1973
1974
1973
1972
1971
1969
1968
1968
1968
1967
1967
1967
1968
1968
1969
1969
1968
1968
1968
1969
1969
1970
1970
1970
1969
1969
1969
1969
1969
1969
1970
1971
1972
1972
1972
1971
1971
1971
1971
1970
1970
1970
1970
1971
1970
1969
1968
1967
1965
1965
1965
1965
1965
1965
1966
1966
1965
1964
1962
1961
1959
1959
1958
1958
1958
1958
1958
1957
1956
1955
1955
1955
1956
1956
1957
1956
1955
1954
1953
1952
1951
1950
1949
1948
1949
1949
1950
1951
1951
1950
1949
1949
1948
1949
1948
1947
1946
1945
1944
1944
1945
1945
1945
1946
1946
1946
1946
1947
1947
1948
1948
1947
1947
1947
1947
1946
1946
1947
1948
1949
1949
1950
1951
1952
1953
1952
1952
1952
1952
1952
1951
1951
1951
1952
1953
1953
1952
1951
1951
1951
1951
1952
1951
1950
1949
1950
1950
1950
1950
1950
1949
1948
1948
1949
1949
1949
1949
1949
1949
1949
1949
1950
1951
1951
1952
1953
1954
1955
1956
1957
1958
1959
1959
1959
1958
1958
1959
1959
1960
1961
1962
1963
1966
1971
1977
1985
1993
2003
2016
2031
2047
2064
2081
2098
2113
2126
2136
2143
2144
2142
2137
2128
2117
2106
2095
2085
2075
2066
2057
2050
2045
2039
2034
2027
2021
2016
2012
2009
2007
2005
2002
2000
1998
1996
1993
1991
1990
1988
1988
1987
1988
1988
1987
1986
1985
1984
1983
1983
1983
1983
1983
1984
1984
1984
1985
1986
1987
1988
1989
1990
1990
1989
1988
1986
1986
1987
1987
1988
1989
1989
1990
1990
1990
1991
1991
1991
1991
1992
1992
1993
1994
1995
1996
1996
1996
1996
1996
1996
1996
1996
1996
1997
1998
1999
2001
2002
2003
2003
2004
2004
2005
2005
2005
2006
2007
2008
2007
2006
2005
2005
2006
2006
2007
2008
2009
2010
2011
2012
2012
2012
2013
2013
2013
2014
2015
2015
2016
2018
2019
2021
2022
2023
2024
2025
2025
2026
2025
2025
2025
2025
2025
2025
2025
2025
2025
2024
2023
2022
2022
2023
2023
2024
2024
2024
2024
2024
2023
2023
2023
2022
2022
2022
2021
2021
2021
2020
2020
2020
2020
2020
2019
2018
2018
2019
2019
2020
2020
2020
2019
2018
2017
2016
2015
2014
2014
2014
2015
2015
2015
2015
2014
2013
2012
2013
2013
2013
2014
2014
2014
2013
2012
2011
2011
2010
2010
2009
2009
2009
2008
2007
2007
2006
2006
2006
2006
2005
2005
2004
2004
2003
2003
2002
2002
2001
2002
2003
2004
2005
2004
2003
2002
2002
2001
2001
2001
2002
2003
2005
2006
2006
2005
2004
2004
2005
2007
2007
2007
2007
2007
2008
2009
2010
2011
2012
2013
2013
2013
2013
2013
2014
2014
2015
2015
2014
2014
2014
2014
2014
2015
2015
2016
2016
2016
2016
2017
2017
2017
2017
2017
2017
2018
2018
2018
2018
2018
2019
2020
2022
2023
2024
2024
2023
2023
2022
2021
2021
2020
2021
2023
2025
2026
2026
2026
2026
2025
2025
2025
2024
2024
2025
2025
2026
2028
2030
2034
2037
2042
2048
2056
2067
2080
2096
2113
2131
2148
2164
2178
2189
2196
2199
2199
2195
2188
2179
2168
2158
2147
2136
2125
2116
2107
2099
2093
2088
2084
2079
2074
2069
2064
2059
2056
2053
2051
2049
2047
2046
2045
2044
2044
2043
2043
2042
2041
2042
2042
2042
2042
2042
2042
2042
2043
2043
2042
2041
2040
2040
2038
2035
2033
2030
2029
2029
2030
2031
2032
2031
2029
2028
2026
2026
2027
2028
2029
2030
2031
2032
2034
2035
2036
2037
2039
2041
2043
2044
2045
2045
2045
2045
2046
2047
2048
2049
2049
2049
2049
2050
2051
2052
2052
2052
2053
2053
2054
2055
2058
2060
2062
2062
2062
2062
2063
2064
2066
2067
2069
2070
2071
2071
2072
2072
2073
2074
2076
2078
2080
2081
2082
2083
2084
2085
2087
2089
2090
2090
2091
2093
2095
2099
2101
2103
2104
2105
2106
2107
2109
2110
2111
2112
2113
2115
2117
2118
2120
2120
2120
2121
2123
2125
2127
2129
2130
2132
2133
2134
2136
2137
2139
2141
2143
2144
2145
2147
2148
2149
2150
2150
2150
2151
2153
2155
2157
2158
2158
2158
2158
2159
2159
2160
2160
2161
2162
2162
2163
2163
2162
2163
2163
2163
2163
2163
2163
2163
2163
2163
2162
2161
2160
2159
2158
2157
2156
2156
2155
2154
2152
2151
2150
2149
2148
2148
2149
2149
2149
2147
2145
2142
2140
2140
2140
2140
2139
2138
2137
2136
2135
2135
2135
2134
2133
2131
2131
2131
2132
2132
2132
2131
2131
2131
2131
2130
2129
2128
2127
2126
2125
2126
2127
2128
2129
2130
2131
2130
2130
2130
2130
2129
2129
2129
2129
2130
2131
2131
2131
2130
2130
2130
2129
2129
2128
2127
2127
2127
2127
2128
2128
2127
2126
2125
2124
2124
2125
2125
2125
2124
2122
2121
2120
2119
2119
2119
2119
2118
2118
2118
2118
2118
2118
2117
2116
2115
2114
2113
2114
2114
2113
2113
2112
2110
2110
2111
2113
2116
2119
2125
2132
2140
2152
2165
2181
2197
2215
2231
2246
2258
2266
2271
2271
2267
2259
2249
2237
2226
2215
2203
2192
2181
2171
2161
2152
2143
2136
2130
2125
2120
2115
2110
2105
2101
2097
2093
2091
2089
2087
2086
2084
2082
2081
2079
2078
2077
2076
2075
2075
2074
2073
2072
2070
2069
2067
2066
2067
2067
2068
2067
2066
2066
2065
2064
2064
2064
2064
2063
2063
2062
2062
2062
2062
2061
2060
2059
2058
2058
2059
2060
2061
2061
2060
2059
2059
2060
2061
2061
2060
2059
2058
2058
2056
2055
2055
2055
2055
2055
2055
2055
2054
2054
2054
2054
2054
2054
2054
2054
2054
2054
2053
2052
2052
2051
2051
2051
2051
2051
2051
2050
2050
2050
2050
2050
2050
2049
2049
2049
2049
2050
2050
2050
2050
2050
2049
2049
2049
2049
2049
2049
2049
2049
2050
2050
2050
2049
2048
2047
2047
2046
2046
2046
2046
2046
2044
2043
2042
2042
2043
2043
2043
2042
2041
2041
2040
2039
2038
2037
2036
2035
2034
2033
2032
2032
2032
2031
2031
2031
2030
2030
2030
2030
2030
2030
2029
2028
2026
2025
2024
2024
2024
2025
2025
2024
2023
2023
2022
2021
2021
2021
2021
2021
2021
2021
2021
2020
2019
2018
2017
2016
2016
2015
2014
2014
2013
2014
2014
2014
2015
2015
2015
2015
2016
2015
2015
2014
2014
2014
2013
2013
2012
2011
2011
2011
2010
2008
2006
2004
2002
2001
2001
2001
2001
2001
2000
1999
1998
1999
1999
1999
1999
2000
2000
2000
1999
1999
1998
1998
1998
1999
2000
2000
1999
1999
1998
1998
1998
1999
2000
2001
2002
2003
2004
2006
2009
2013
2019
2027
2037
2049
2063
2079
2096
2114
2132
2147
2160
2169
2173
2175
2173
2168
2160
2150
2138
2125
2114
2104
2094
2086
2078
2070
2063
2056
2051
2046
2042
2038
2035
2031
2028
2024
2021
2018
2016
2014
2012
2011
2010
2009
2009
2009
2010
2010
2009
2008
2006
2006
2006
2006
2006
2007
2007
2007
2008
2009
2009
2010
2010
2010
2010
2010
2010
2009
2010
2010
2011
2012
2012
2011
2010
2010
2009
2009
2010
2012
2014
2015
2015
2015
2015
2015
2015
2015
2015
2015
2015
2014
2015
2016
2017
2017
2017
2017
2016
2015
2015
2014
2014
2014
2015
2015
2016
2016
2017
2017
2016
2016
2016
2017
2017
2017
2016
2015
2015
2016
2017
2018
2018
2019
2020
2021
2022
2023
2025
2026
2028
2029
2030
2031
2032
2033
2034
2036
2036
2037
2037
2037
2037
2037
2038
2039
2039
2040
2041
2042
2042
2042
2043
2043
2043
2043
2043
2043
2044
2046
2048
2050
2051
2051
2050
2050
2051
2051
2052
2051
2051
2050
2050
2050
2050
2050
2051
2052
2052
2052
2052
2051
2051
2050
2050
2050
2049
2049
2048
2048
2049
2050
2050
2049
2047
2046
2045
2046
2047
2047
2047
2047
2048
2048
2048
2048
2047
2046
2045
2045
2046
2047
2049
2049
2049
2048
2048
2047
2047
2047
2047
2047
2046
2045
2045
2045
2045
2046
2046
2046
2045
2044
2042
2040
2039
2038
2039
2039
2038
2038
2039
2039
2040
2039
2038
2038
2037
2037
2038
2039
2040
2041
2041
2042
2042
2041
2040
2040
2040
2040
2040
2040
2039
2038
2038
2038
2037
2035
2035
2034
2033
2034
2035
2038
2042
2048
2055
2064
2075
2089
2104
2121
2138
2154
2169
2181
2191
2198
2201
2199
2194
2185
2176
2165
2154
2144
2134
2123
2112
2102
2094
2087
2080
2073
2066
2060
2054
2048
2044
2041
2038
2035
2033
2031
2028
2026
2023
2020
2017
2014
2012
2011
2010
2009
2008
2007
2006
2005
2004
2003
2002
2000
1999
1999
1999
1999
1998
1997
1997
1996
1997
1998
1998
1998
1998
1998
1998
1997
1997
1997
1998
1999
2000
2001
2001
2001
2000
1999
1999
2000
2000
2001
2001
2002
2003
2003
2002
2002
2001
2001
2000
2001
2001
2002
2002
2001
2001
2000
2000
2001
2001
2001
2001
2000
1999
1999
1999
1999
1999
1998
1998
1999
2000
2002
2003
2002
2002
2002
2002
2002
2002
2004
2006
2008
2011
2013
2014
2015
2015
2015
2015
2015
2016
2018
2019
2021
2022
2023
2024
2025
2025
2026
2026
2026
2026
2027
2027
2027
2027
2026
2025
2024
2024
2024
2025
2025
2026
2027
2028
2028
2027
2027
2027
2026
2026
2026
2025
2024
2024
2024
2023
2022
2022
2022
2023
2023
2024
2023
2023
2022
2022
2022
2022
2021
2021
2021
2021
2022
2022
2021
2021
2021
2021
2021
2021
2020
2018
2018
2018
2018
2019
2020
2021
2021
2021
2020
2020
2019
2018
2018
2017
2018
2019
2021
2021
2022
2021
2020
2019
2019
2019
2019
2020
2021
2021
2021
2021
2022
2022
2022
2021
2020
2020
2020
2021
2021
2021
2022
2022
2023
2023
2024
2024
2025
2025
2025
2025
2026
2028
2030
2031
2031
2031
2030
2030
2031
2032
2032
2033
2033
2033
2033
2033
2033
2033
2034
2034
2033
2033
2032
2032
2032
2032
2031
2031
2031
2032
2032
2032
2032
2032
2031
2030
2030
2030
2031
2032
2032
2033
2035
2035
2035
2035
2034
2034
2033
2033
2032
2032
2032
2032
2033
2033
2034
2034
2034
2034
2034
2034
2034
2035
2037
2041
2047
2055
2064
2076
2091
2107
2124
2142
2159
2175
2187
2195
2200
2200
2198
2193
2186
2177
2168
2157
2145
2133
2122
2113
2104
2095
2086
2078
2071
2065
2059
2055
2052
2048
2045
2042
2039
2036
2034
2033
2031
2030
2029
2028
2026
2026
2025
2025
2025
2024
2024
2023
2024
2024
2025
2025
2024
2023
2023
2023
2023
2023
2023
2022
2022
2022
2022
2023
2024
2025
2025
2026
2026
2026
2026
2026
2026
2026
2027
2027
2027
2028
2028
2028
2029
2029
2029
2029
2029
2029
2029
2028
2028
2027
2027
2026
2026
2027
2027
2028
2028
2027
2026
2025
2025
2025
2026
2025
2023
2021
2019
2018
2017
2017
2017
2018
2018
2018
2018
2017
2016
2016
2015
2014
2014
2015
2014
2014
2014
2014
2014
2015
2015
2015
2014
2014
2013
2013
2014
2014
2014
2015
2015
2016
2015
2014
2013
2012
2011
2012
2012
2014
2015
2015
2014
2011
2009
2008
2008
2009
2009
2009
2008
2007
2006
2005
2006
2006
2006
2006
2005
2005
2004
2004
2004
2004
2005
2007
2007
2007
2007
2006
2006
2006
2005
2004
2004
2004
2004
2004
2004
2004
2003
2003
2003
2004
2004
2004
2003
2002
2001
2000
1999
1998
1998
1998
1998
1999
1999
1998
1997
1997
1997
1996
1996
1995
1995
1995
1995
1995
1995
1995
1994
1994
1993
1993
1991
1990
1990
1990
1990
1990
1989
1988
1989
1989
1989
1989
1989
1988
1987
1987
1987
1987
1987
1987
1987
1987
1986
1985
1985
1985
1985
1985
1985
1984
1984
1984
1985
1985
1985
1984
1983
1982
1982
1981
1981
1980
1979
1978
1979
1980
1982
1983
1982
1981
1980
1978
1978
1977
1977
1978
1979
1980
1980
1980
1980
1980
1980
1980
1980
1980
1980
1980
1980
1978
1977
1977
1977
1979
1980
1980
1979
1978
1977
1975
1973
1972
1972
1974
1977
1981
1988
1996
2007
2019
2033
2049
2066
2085
2104
2122
2138
2151
2160
2165
2166
2164
2158
2151
2142
2130
2118
2105
2093
2081
2070
2060
2050
2042
2034
2027
2021
2016
2011
2004
1998
1992
1988
1985
1982
1979
1977
1975
1973
1972
1971
1970
1968
1967
1965
1964
1964
1965
1964
1963
1963
1963
1963
1965
1965
1965
1964
1963
1962
1962
1962
1962
1963
1963
1963
1963
1963
1964
1964
1965
1967
1968
1969
1970
1970
1970
1970
1970
1971
1971
1971
1971
1972
1973
1974
1975
1975
1974
1973
1973
1972
1972
1972
1972
1973
1973
1973
1973
1973
1973
1972
1971
1970
1970
1970
1971
1970
1969
1968
1966
1964
1963
1963
1963
1963
1964
1966
1966
1967
1967
1968
1968
1969
1970
1970
1971
1971
1972
1973
1974
1976
1977
1979
1980
1982
1984
1985
1985
1985
1985
1985
1985
1986
1986
1987
1988
1989
1990
1990
1990
1989
1988
1988
1989
1989
1989
1989
1988
1987
1986
1986
1987
1988
1989
1989
1989
1989
1989
1988
1987
1987
1987
1987
1986
1986
1986
1987
1987
1987
1987
1988
1988
1989
1989
1989
1989
1990
1990
1991
1990
1990
1990
1989
1989
1989
1988
1988
1989
1990
1990
1990
1990
1990
1990
1989
1989
1989
1989
1990
1991
1992
1991
1991
1990
1990
1991
1991
1991
1991
1991
1990
1990
1990
1990
1992
1993
1994
1994
1993
1993
1993
1993
1992
1992
1993
1994
1995
1997
1997
1997
1997
1996
1996
1997
1999
2001
2002
2003
2004
2004
2003
2003
2004
2005
2007
2007
2007
2005
2004
2002
2001
1999
1998
1996
1993
1990
1987
1985
1982
1980
1978
1976
1974
1972
1970
1968
1966
1965
1963
1962
1960
1959
1958
1957
1957
1956
1956
1955
1955
1956
1956
1955
1955
1955
1955
1955
1955
1955
1955
1954
1953
1952
1952
1951
1951
1952
1953
1957
1961
1968
1976
1987
2000
2014
2030
2048
2066
2084
2100
2113
2123
2129
2132
2132
2129
2124
2116
2106
2096
2085
2073
2062
2052
2042
2033
2025
2017
2008
2000
1993
1988
1984
1981
1979
1975
1971
1967
1964
1961
1959
1958
1957
1955
1954
1953
1953
1954
1954
1955
1955
1955
1955
1955
1956
1956
1956
1957
1958
1960
1961
1961
1962
1963
1964
1965
1966
1968
1968
1969
1969
1968
1969
1970
1971
1973
1974
1974
1976
1978
1980
1981
1981
1982
1983
1984
1984
1985
1986
1986
1987
1988
1989
1990
1991
1991
1992
1993
1993
1994
1994
1994
1995
1996
1997
1997
1997
1996
1996
1996
1996
1997
1997
1998
1997
1997
1996
1996
1996
1997
1998
2000
2002
2003
2003
2003
2004
2006
2008
2009
2010
2011
2012
2013
2014
2015
2017
2018
2020
2020
2022
2023
2023
2024
2026
2027
2029
2030
2030
2030
2031
2032
2032
2033
2033
2033
2033
2033
2033
2034
2035
2036
2037
2037
2038
2038
2039
2041
2042
2043
2044
2044
2044
2044
2044
2045
2046
2047
2047
2047
2047
2047
2047
2047
2048
2049
2049
2051
2052
2052
2051
2050
2049
2049
2049
2050
2050
2051
2052
2052
2053
2052
2052
2053
2053
2053
2054
2054
2055
2055
2055
2055
2056
2056
2057
2057
2058
2059
2059
2059
2059
2060
2061
2062
2062
2062
2061
2061
2061
2062
2063
2063
2063
2063
2063
2064
2064
2066
2068
2070
2072
2073
2073
2074
2074
2075
2076
2077
2079
2080
2081
2082
2083
2084
2084
2083
2083
2083
2084
2085
2086
2087
2087
2087
2087
2087
2088
2088
2088
2087
2087
2087
2087
2087
2086
2086
2085
2085
2086
2087
2088
2089
2090
2090
2090
2090
2090
2090
2090
2091
2091
2092
2093
2093
2093
2092
2091
2091
2091
2092
2092
2092
2091
2090
2089
2089
2091
2094
2098
2104
2111
2120
2131
2145
2160
2177
2195
2215
2234
2251
2266
2277
2285
2288
2288
2284
2277
2268
2258
2246
2235
2223
2211
2200
2190
2181
2174
2167
2160
2153
2146
2140
2136
2132
2128
2125
2122
2119
2115
2111
2108
2106
2106
2105
2105
2104
2103
2103
2102
2101
2099
2097
2096
2096
2096
2096
2095
2094
2093
2092
2092
2092
2093
2093
2093
2092
2093
2093
2094
2095
2096
2096
2096
2097
2097
2096
2096
2096
2096
2097
2097
2098
2099
2100
2099
2099
2098
2098
2099
2100
2101
2102
2102
2102
2103
2103
2103
2103
2102
2102
2102
2103
2103
2103
2103
2103
2102
2101
2100
2100
2100
2100
2100
2100
2099
2098
2097
2097
2097
2097
2097
2098
2098
2098
2097
2097
2097
2098
2098
2099
2099
2099
2100
2102
2104
2105
2106
2107
2107
2109
2110
2112
2114
2114
2113
2112
2111
2111
2112
2114
2115
2117
2118
2119
2118
2116
2115
2114
2114
2115
2115
2115
2115
2115
2115
2115
2115
2115
2115
2114
2113
2111
2110
2108
2108
2108
2108
2108
2107
2105
2102
2101
2099
2098
2097
2097
2097
2097
2097
2097
2096
2094
2093
2091
2091
2091
2091
2090
2089
2088
2087
2086
2086
2087
2087
2088
2088
2087
2086
2085
2084
2084
2084
2085
2086
2087
2086
2085
2084
2084
2084
2084
2084
2085
2085
2084
2084
2083
2083
2083
2084
2084
2085
2084
2084
2084
2084
2084
2084
2084
2084
2083
2082
2080
2079
2079
2080
2083
2085
2087
2088
2088
2087
2085
2084
2084
2084
2085
2086
2086
2087
2087
2086
2085
2084
2083
2082
2081
2081
2081
2080
2080
2080
2080
2080
2079
2078
2078
2077
2076
2075
2075
2075
2074
2074
2073
2072
2072
2072
2072
2072
2072
2072
2071
2071
2070
2070
2069
2070
2070
2071
2071
2070
2069
2068
2067
2065
2065
2067
2069
2073
2078
2084
2092
2101
2113
2126
2142
2159
2177
2193
2206
2217
2226
2231
2233
2230
2223
2215
2205
2194
2183
2172
2162
2151
2140
2129
2120
2112
2104
2097
2091
2085
2079
2074
2070
2067
2063
2060
2056
2053
2050
2047
2045
2044
2042
2041
2040
2039
2038
2038
2038
2037
2036
2035
2034
2035
2035
2034
2033
2031
2030
2029
2027
2027
2027
2028
2030
2031
2033
2033
2034
2034
2034
2033
2033
2033
2034
2035
2035
2036
2036
2036
2035
2034
2033
2033
2034
2034
2035
2035
2035
2035
2035
2036
2036
2037
2037
2037
2036
2036
2036
2036
2035
2035
2036
2037
2038
2038
2038
2039
2039
2038
2038
2039
2039
2040
2040
2041
2042
2043
2043
2044
2044
2045
2045
2046
2048
2049
2049
2050
2050
2051
2051
2051
2051
2051
2052
2053
2054
2056
2058
2059
2061
2061
2061
2061
2061
2063
2064
2065
2066
2066
2066
2066
2065
2065
2064
2065
2065
2066
2066
2067
2068
2068
2068
2068
2068
2068
2067
2067
2067
2068
2068
2068
2068
2066
2065
2064
2063
2064
2065
2067
2068
2068
2068
2067
2067
2067
2067
2066
2066
2066
2066
2066
2066
2066
2065
2065
2065
2064
2063
2062
2060
2059
2059
2059
2060
2059
2058
2057
2056
2055
2054
2054
2055
2055
2055
2054
2053
2052
2051
2050
2050
2050
2049
2048
2048
2047
2047
2047
2047
2047
2047
2046
2047
2047
2047
2046
2046
2045
2045
2044
2043
2042
2041
2040
2040
2041
2042
2043
2043
2044
2044
2044
2044
2044
2044
2045
2044
2044
2043
2043
2043
2043
2043
2043
2044
2043
2042
2041
2041
2040
2041
2041
2041
2041
2040
2040
2040
2040
2040
2040
2040
2039
2039
2038
2037
2037
2038
2038
2040
2040
2041
2042
2043
2044
2044
2044
2043
2043
2044
2044
2045
2045
2044
2043
2041
2040
2040
2041
2042
2044
2046
2050
2055
2061
2068
2079
2092
2108
2126
2146
2166
2185
2202
2216
2226
2232
2235
2234
2229
2222
2212
2200
2188
2177
2164
2153
2142
2133
2124
2116
2108
2100
2092
2085
2078
2073
2068
2063
2059
2056
2053
2051
2050
2048
2046
2045
2044
2043
2042
2041
2040
2039
2039
2040
2040
2040
2040
2039
2038
2037
2037
2036
2037
2037
2037
2038
2038
2039
2039
2039
2038
2038
2039
2039
2039
2039
2040
2040
2040
2040
2041
2041
2041
2041
2041
2040
2039
2039
2038
2038
2039
2040
2040
2040
2039
2038
2037
2036
2036
2035
2035
2035
2035
2035
2034
2033
2032
2031
2030
2030
2030
2031
2031
2030
2029
2028
2027
2026
2025
2024
2023
2023
2023
2023
2024
2025
2026
2027
2028
2029
2029
2030
2030
2031
2032
2032
2033
2034
2035
2036
2038
2039
2040
2040
2042
2044
2046
2047
2047
2047
2048
2048
2048
2048
2047
2048
2048
2049
2050
2050
2050
2049
2049
2048
2047
2047
2046
2046
2045
2044
2043
2043
2043
2043
2042
2041
2040
2040
2040
2040
2040
2039
2038
2038
2037
2037
2036
2036
2036
2035
2035
2035
2035
2035
2035
2033
2032
2031
2030
2030
2031
2032
2032
2031
2029
2027
2025
2025
2027
2028
2028
2028
2027
2026
2025
2025
2026
2027
2027
2026
2025
2024
2023
2023
2023
2023
2023
2023
2023
2023
2023
2023
2022
2022
2021
2021
2022
2022
2021
2020
2019
2018
2018
2019
2020
2020
2021
2022
2022
2022
2022
2022
2023
2023
2023
2023
2022
2022
2023
2024
2025
2026
2026
2027
2028
2029
2030
2031
2032
2032
2033
2032
2032
2030
2029
2028
2028
2029
2030
2030
2030
2029
2028
2027
2026
2026
2026
2026
2025
2025
2026
2026
2026
2025
2024
2023
2023
2022
2022
2022
2023
2023
2024
2025
2025
2025
2024
2024
2024
2024
2025
2026
2026
2026
2026
2025
2024
2023
2023
2025
2027
2029
2031
2034
2037
2043
2051
2060
2070
2082
2096
2111
2127
2142
2155
2165
2172
2176
2175
2171
2165
2156
2147
2136
2125
2115
2105
2096
2088
2081
2074
2067
2060
2054
2049
2045
2042
2039
2035
2031
2027
2024
2022
2020
2018
2016
2015
2013
2012
2010
2010
2009
2008
2007
2006
2006
2006
2007
2008
2009
2009
2009
2010
2010
2010
2010
2010
2010
2009
2010
2010
2010
2010
2011
2012
2013
2014
2015
2015
2016
2017
2018
2019
2019
2020
2020
2021
2021
2022
2022
2022
2023
2024
2025
2026
2027
2028
2028
2029
2029
2030
2031
2031
2032
2032
2033
2033
2034
2034
2036
2037
2037
2037
2037
2037
2038
2038
2039
2039
2039
2039
2039
2041
2043
2044
2045
2046
2047
2047
2047
2047
2047
2047
2046
2047
2048
2049
2050
2051
2052
2052
2052
2052
2051
2051
2050
2050
2050
2051
2052
2053
2053
2053
2053
2052
2051
2051
2051
2051
2051
2052
2052
2053
2053
2053
2053
2053
2053
2053
2053
2054
2054
2053
2052
2052
2052
2052
2052
2051
2051
2051
2052
2052
2052
2052
2052
2052
2052
2051
2051
2051
2051
2052
2052
2053
2053
2053
2053
2053
2052
2051
2051
2051
2051
2051
2051
2051
2050
2050
2050
2051
2051
2052
2052
2051
2050
2049
2048
2048
2048
2048
2048
2049
2049
2049
2049
2049
2049
2049
2048
2048
2048
2048
2048
2048
2048
2047
2047
2047
2048
2048
2048
2048
2049
2049
2050
2050
2050
2050
2051
2051
2052
2053
2054
2054
2053
2053
2052
2052
2052
2053
2054
2055
2056
2056
2054
2052
2051
2050
2050
2050
2049
2048
2047
2046
2045
2045
2044
2043
2042
2040
2040
2040
2040
2040
2040
2039
2039
2039
2039
2040
2040
2040
2039
2039
2038
2038
2037
2038
2038
2039
2039
2040
2041
2041
2040
2038
2037
2037
2038
2040
2044
2048
2054
2061
2068
2077
2087
2099
2113
2128
2143
2157
2169
2178
2184
2186
2183
2178
2169
2160
2149
2138
2126
2115
2106
2098
2091
2085
2078
2072
2066
2061
2057
2053
2049
2047
2044
2042
2039
2037
2035
2034
2033
2032
2031
2029
2028
2027
2026
2025
2025
2025
2024
2024
2024
2025
2025
2024
2024
2025
2025
2026
2027
2027
2027
2026
2026
2026
2026
2027
2027
2027
2027
2027
2027
2028
2028
2029
2029
2028
2027
2028
2028
2029
2029
2028
2028
2029
2030
2031
2032
2032
2033
2034
2035
2035
2035
2034
2033
2032
2032
2033
2035
2035
2035
2035
2035
2034
2034
2035
2036
2036
2037
2037
2037
2038
2038
2039
2040
2041
2041
2042
2043
2044
2044
2045
2045
2045
2045
2046
2046
2046
2046
2047
2047
2047
2047
2047
2047
2047
2048
2048
2047
2047
2047
2046
2045
2044
2044
2044
2044
2044
2045
2046
2046
2045
2045
2045
2044
2043
2042
2041
2041
2041
2041
2041
2041
2041
2040
2040
2040
2041
2041
2041
2040
2040
2039
2038
2038
2039
2040
2041
2041
2040
2039
2039
2039
2039
2038
2037
2037
2038
2038
2038
2038
2037
2037
2036
2035
2034
2033
2032
2032
2031
2031
2031
2030
2029
2029
2029
2028
2028
2028
2028
2028
2028
2029
2029
2029
2028
2027
2027
2026
2026
2027
2028
2027
2026
2026
2025
2025
2024
2024
2025
2026
2026
2026
2024
2023
2023
2023
2024
2024
2025
2025
2025
2025
2025
2025
2025
2025
2026
2025
2024
2022
2020
2019
2018
2017
2016
2016
2015
2015
2014
2013
2011
2009
2007
2004
2003
2003
2003
2003
2003
2001
2000
1999
1999
1999
1999
1998
1998
1997
1996
1995
1995
1995
1995
1995
1995
1995
1995
1995
1996
1996
1996
1996
1995
1994
1993
1992
1992
1992
1993
1995
1997
1999
2003
2008
2015
2024
2034
2046
2060
2076
2092
2108
2123
2135
2143
2148
2148
2144
2136
2125
2113
2101
2089
2078
2068
2060
2052
2045
2038
2032
2025
2018
2013
2007
2003
1998
1995
1991
1988
1985
1982
1980
1978
1976
1975
1973
1973
1972
1972
1971
1969
1968
1967
1966
1964
1964
1964
1964
1965
1965
1966
1965
1965
1965
1966
1966
1965
1964
1963
1962
1962
1962
1963
1963
1963
1962
1962
1961
1961
1961
1960
1960
1960
1961
1962
1963
1964
1964
1964
1964
1965
1965
1966
1966
1966
1966
1967
1968
1969
1970
1971
1971
1971
1970
1969
1969
1971
1973
1974
1974
1973
1972
1972
1972
1973
1974
1975
1975
1975
1975
1975
1975
1976
1976
1977
1978
1978
1977
1977
1978
1979
1980
1981
1983
1984
1984
1985
1986
1987
1988
1988
1989
1989
1988
1987
1987
1986
1986
1985
1986
1987
1988
1988
1988
1989
1988
1988
1987
1987
1986
1986
1986
1986
1985
1984
1984
1985
1986
1987
1986
1986
1985
1985
1984
1984
1984
1984
1985
1985
1986
1985
1986
1986
1987
1987
1987
1986
1985
1985
1985
1986
1987
1988
1988
1989
1989
1989
1989
1989
1989
1989
1989
1990
1990
1990
1991
1992
1994
1996
1997
1998
1998
1998
1998
1998
1998
1999
2000
2001
2002
2003
2003
2004
2004
2005
2006
2007
2006
2006
2006
2006
2006
2007
2008
2009
2010
2009
2009
2010
2011
2012
2014
2015
2016
2015
2015
2014
2013
2013
2013
2014
2015
2017
2018
2019
2020
2020
2021
2022
2023
2024
2025
2026
2027
2027
2026
2026
2027
2029
2030
2032
2032
2032
2031
2030
2030
2030
2030
2031
2030
2030
2030
2030
2030
2029
2030
2031
2032
2034
2035
2035
2035
2035
2035
2034
2034
2034
2036
2037
2038
2038
2039
2039
2039
2038
2038
2038
2039
2039
2039
2039
2039
2039
2039
2039
2040
2041
2043
2047
2052
2058
2067
2077
2090
2105
2122
2141
2161
2180
2197
2211
2222
2229
2232
2230
2225
2217
2206
2194
2180
2167
2153
2141
2131
2121
2113
2105
2097
2090
2083
2076
2070
2065
2061
2057
2054
2052
2050
2049
2047
2046
2044
2042
2040
2039
2039
2038
2038
2038
2037
2035
2034
2033
2033
2033
2034
2034
2033
2034
2034
2035
2036
2036
2036
2036
2036
2036
2036
2037
2038
2039
2040
2041
2042
2043
2045
2046
2047
2046
2047
2047
2047
2048
2048
2048
2047
2047
2047
2048
2049
2049
2049
2049
2049
2048
2049
2049
2049
2049
2050
2050
2050
2050
2050
2050
2050
2050
2049
2049
2048
2048
2048
2048
2048
2048
2048
2048
2048
2048
2048
2048
2048
2049
2049
2049
2049
2050
2051
2053
2054
2055
2055
2057
2058
2061
2063
2065
2067
2067
2067
2067
2067
2068
2069
2070
2071
2070
2070
2069
2070
2071
2073
2074
2074
2073
2073
2072
2072
2073
2073
2073
2072
2071
2070
2069
2069
2069
2069
2069
2069
2068
2067
2066
2065
2064
2063
2062
2061
2061
2060
2060
2059
2059
2059
2059
2058
2057
2055
2054
2053
2054
2054
2054
2052
2051
2050
2050
2050
2050
2050
2050
2050
2050
2050
2050
2049
2048
2048
2047
2047
2047
2047
2047
2047
2047
2047
2047
2046
2046
2046
2045
2045
2044
2045
2046
2046
2047
2046
2046
2045
2045
2045
2045
2044
2043
2043
2043
2043
2044
2044
2045
2045
2045
2045
2045
2045
2045
2044
2044
2044
2043
2042
2041
2041
2042
2043
2043
2044
2044
2044
2044
2044
2045
2045
2046
2046
2046
2046
2046
2046
2046
2047
2047
2048
2048
2048
2047
2047
2048
2048
2048
2048
2048
2048
2048
2048
2047
2046
2045
2045
2045
2044
2043
2042
2041
2041
2041
2041
2042
2042
2041
2040
2040
2040
2039
2038
2037
2036
2036
2036
2038
2040
2040
2040
2040
2039
2039
2039
2039
2039
2039
2039
2038
2037
2036
2035
2034
2032
2032
2033
2037
2042
2048
2055
2064
2075
2088
2103
2121
2141
2161
2179
2195
2207
2215
2220
2221
2219
2212
2202
2190
2176
2163
2150
2138
2126
2115
2105
2095
2087
2080
2073
2067
2060
2054
2050
2047
2045
2042
2039
2035
2032
2029
2025
2023
2022
2021
2021
2021
2020
2020
2019
2019
2017
2016
2015
2015
2015
2015
2015
2015
2015
2015
2015
2014
2014
2014
2014
2015
2015
2015
2016
2018
2019
2021
2021
2022
2022
2023
2024
2025
2027
2028
2030
2032
2034
2036
2037
2037
2038
2038
2038
2039
2040
2041
2043
2044
2045
2046
2047
2047
2047
2047
2047
2047
2047
2048
2049
2050
2050
2050
2050
2050
2049
2048
2048
2048
2048
2048
2048
2048
2047
2047
2047
2046
2046
2046
2045
2045
2046
2046
2045
2045
2045
2045
2045
2044
2043
2042
2041
2041
2041
2041
2041
2041
2040
2040
2040
2040
2039
2038
2039
2039
2040
2040
2039
2038
2037
2037
2038
2038
2039
2039
2040
2040
2039
2038
2037
2037
2037
2038
2039
2039
2039
2038
2038
2038
2038
2038
2039
2039
2039
2039
2039
2039
2039
2039
2039
2040
2041
2041
2040
2040
2041
2041
2041
2041
2040
2041
2041
2042
2042
2043
2042
2042
2043
2043
2044
2045
2045
2045
2045
2044
2044
2044
2044
2044
2044
2044
2045
2045
2045
2045
2045
2046
2047
2048
2048
2048
2048
2048
2049
2049
2049
2049
2049
2049
2049
2050
2050
2049
2049
2049
2049
2049
2049
2049
2050
2050
2050
2049
2048
2048
2048
2048
2048
2048
2048
2048
2048
2047
2047
2047
2047
2047
2047
2048
2048
2048
2048
2048
2048
2048
2047
2047
2047
2047
2048
2048
2049
2049
2049
2048
2048
2048
2048
2049
2049
2049
2049
2049
2049
2051
2054
2059
2067
2077
2088
2102
2118
2136
2155
2174
2193
2210
2225
2236
2243
2246
2246
2241
2233
2222
2209
2196
2182
2168
2156
2144
2133
2124
2116
2108
2101
2093
2086
2080
2075
2071
2067
2063
2059
2056
2052
2050
2048
2047
2046
2044
2043
2041
2040
2038
2037
2036
2035
2034
2034
2035
2034
2033
2033
2032
2032
2032
2032
2032
2032
2031
2031
2031
2031
2031
2031
2030
2030
2030
2030
2029
2029
2028
2028
2029
2029
2029
2029
2029
2029
2029
2029
2030
2030
2029
2028
2027
2027
2027
2027
2026
2025
2024
2023
2024
2024
2024
2023
2022
2021
2020
2020
2020
2019
2017
2015
2014
2013
2013
2013
2013
2013
2012
2011
2011
2012
2012
2012
2012
2012
2013
2013
2015
2016
2017
2018
2018
2018
2019
2019
2020
2022
2023
2024
2025
2025
2024
2023
2023
2024
2024
2025
2026
2026
2027
2027
2027
2028
2028
2028
2027
2027
2027
2026
2025
2025
2025
2025
2025
2025
2025
2025
2024
2022
2021
2020
2019
2019
2019
2018
2017
2016
2016
2016
2016
2016
2015
2014
2012
2011
2011
2010
2009
2009
2009
2009
2009
2009
2008
2008
2008
2008
2007
2007
2006
2004
2003
2002
2001
2001
2000
2000
2000
2000
1999
1999
1999
1998
1997
1997
1996
1996
1996
1997
1998
1997
1995
1994
1994
1993
1994
1995
1997
1998
1998
1997
1996
1994
1993
1994
1995
1996
1996
1996
1996
1996
1996
1995
1994
1993
1992
1992
1992
1992
1992
1993
1994
1995
1996
1996
1996
1996
1996
1996
1997
1996
1996
1995
1995
1995
1996
1996
1996
1996
1997
1998
1999
1999
1999
1999
1999
2000
2000
2000
2000
2001
2002
2003
2003
2003
2004
2004
2005
2006
2006
2007
2008
2009
2009
2009
2009
2008
2008
2008
2008
2009
2009
2010
2011
2011
2010
2009
2008
2008
2008
2008
2009
2008
2008
2007
2007
2007
2007
2007
2007
2006
2005
2004
2004
2005
2006
2006
2007
2011
2018
2027
2033
2034
2031
2027
2022
2018
2015
2011
2009
2007
2006
2004
2001
2000
1999
2000
2001
2001
2001
2000
1998
1998
1997
1996
1996
1995
1996
1996
1997
1997
1997
1996
1996
1996
1995
1995
1996
1997
1998
1998
1998
1998
1998
1999
2000
2001
2002
2003
2003
2004
2004
2004
2004
2005
2005
2006
2007
2007
2008
2008
2008
2008
2008
2008
2008
2008
2009
2010
2011
2012
2012
2011
2010
2009
2008
2008
2007
2007
2007
2006
2007
2007
2007
2008
2008
2009
2010
2010
2010
2010
2010
2010
2011
2011
2011
2011
2011
2012
2014
2015
2017
2020
2022
2024
2025
2026
2027
2028
2029
2030
2031
2033
2035
2037
2038
2039
2039
2039
2038
2038
2039
2039
2040
2041
2042
2042
2043
2043
2044
2044
2043
2043
2043
2042
2042
2042
2044
2045
2045
2045
2044
2043
2043
2042
2042
2043
2043
2043
2042
2042
2042
2042
2042
2042
2042
2042
2042
2042
2043
2042
2042
2042
2042
2043
2044
2044
2043
2043
2043
2044
2045
2047
2048
2048
2048
2047
2047
2046
2046
2046
2046
2046
2046
2046
2046
2047
2047
2048
2049
2050
2051
2052
2052
2053
2053
2053
2052
2051
2050
2051
2051
2052
2052
2051
2051
2052
2053
2053
2054
2054
2054
2054
2054
2054
2053
2053
2053
2055
2056
2058
2058
2059
2059
2059
2058
2058
2057
2057
2057
2058
2058
2058
2058
2058
2058
2057
2057
2058
2060
2061
2062
2063
2064
2063
2063
2063
2063
2063
2063
2063
2064
2064
2064
2064
2064
2064
2064
2063
2063
2062
2062
2061
2060
2059
2058
2057
2057
2057
2058
2059
2060
2060
2059
2058
2057
2056
2055
2055
2055
2055
2055
2054
2054
2053
2053
2054
2054
2054
2055
2056
2056
2056
2056
2055
2055
2054
2054
2053
2052
2051
2050
2050
2050
2050
2051
2052
2056
2061
2068
2076
2087
2099
2115
2133
2153
2173
2192
2209
2222
2230
2235
2237
2237
2233
2226
2216
2203
2190
2176
2163
2151
2140
2130
2121
2111
2102
2094
2085
2078
2073
2070
2066
2061
2057
2052
2048
2046
2044
2042
2041
2039
2037
2036
2035
2034
2033
2033
2033
2033
2033
2033
2033
2031
2031
2030
2030
2030
2029
2029
2029
2028
2029
2029
2029
2030
2030
2031
2032
2032
2032
2031
2031
2032
2032
2032
2032
2033
2034
2036
2037
2036
2035
2034
2034
2034
2035
2036
2037
2037
2036
2035
2035
2035
2037
2039
2039
2038
2037
2037
2037
2037
2038
2038
2038
2038
2037
2036
2035
2034
2033
2032
2033
2034
2035
2036
2036
2036
2035
2035
2036
2036
2035
2035
2035
2036
2038
2040
2041
2041
2042
2043
2044
2045
2046
2047
2048
2049
2050
2051
2052
2053
2053
2054
2054
2055
2055
2056
2057
2059
2060
2061
2062
2063
2063
2063
2062
2062
2063
2064
2065
2066
2067
2067
2066
2066
2065
2066
2066
2066
2066
2066
2065
2064
2063
2063
2063
2064
2064
2065
2065
2065
2065
2065
2066
2067
2067
2067
2067
2066
2065
2065
2065
2065
2065
2064
2064
2064
2064
2064
2064
2064
2064
2063
2063
2061
2060
2059
2059
2059
2059
2058
2058
2058
2058
2057
2057
2057
2056
2056
2055
2056
2056
2056
2056
2056
2055
2054
2053
2053
2053
2053
2052
2052
2051
2051
2052
2052
2052
2051
2051
2052
2052
2052
2053
2053
2053
2052
2051
2051
2051
2052
2052
2051
2050
2049
2048
2048
2048
2048
2047
2047
2047
2048
2048
2048
2049
2049
2050
2050
2050
2050
2050
2050
2050
2049
2049
2049
2049
2050
2051
2052
2052
2052
2052
2052
2052
2052
2052
2052
2053
2052
2051
2050
2050
2050
2050
2050
2050
2050
2050
2050
2049
2049
2048
2047
2047
2047
2048
2048
2048
2047
2047
2046
2045
2045
2045
2045
2045
2045
2044
2043
2043
2043
2043
2043
2042
2041
2039
2038
2038
2037
2036
2035
2035
2035
2035
2035
2035
2036
2039
2044
2051
2061
2073
2087
2103
2120
2139
2158
2178
2195
2208
2217
2222
2222
2219
2212
2203
2192
2179
2165
2151
2137
2124
2113
2103
2093
2084
2076
2069
2062
2056
2051
2046
2042
2038
2033
2028
2024
2021
2019
2017
2015
2013
2012
2012
2011
2010
2009
2009
2008
2007
2007
2008
2008
2007
2006
2006
2005
2005
2005
2005
2004
2004
2004
2003
2002
2002
2002
2003
2003
2003
2003
2004
2005
2006
2007
2009
2010
2010
2009
2009
2010
2010
2010
2009
2008
2008
2010
2011
2012
2012
2011
2010
2008
2008
2007
2007
2008
2008
2008
2009
2009
2009
2008
2007
2007
2008
2008
2007
2006
2005
2004
2004
2004
2004
2004
2004
2003
2002
2002
2002
2003
2004
2004
2004
2004
2004
2005
2006
2007
2008
2009
2010
2011
2011
2011
2011
2011
2012
2013
2014
2014
2015
2016
2017
2018
2018
2018
2018
2018
2019
2020
2020
2021
2021
2021
2022
2022
2022
2023
2024
2026
2028
2029
2029
2029
2029
2031
2032
2033
2034
2034
2033
2032
2031
2031
2031
2032
2032
2032
2032
2032
2032
2031
2031
2030
2030
2030
2029
2028
2027
2026
2026
2026
2026
2026
2027
2028
2028
2028
2027
2026
2025
2024
2024
2024
2023
2023
2022
2021
2020
2019
2019
2019
2019
2019
2019
2018
2018
2018
2017
2017
2017
2017
2016
2016
2017
2017
2017
2017
2016
2016
2015
2015
2014
2014
2013
2013
2013
2013
2013
2012
2012
2012
2011
2011
2011
2011
2011
2011
2010
2010
2010
2009
2008
2008
2008
2007
2007
2007
2007
2007
2007
2007
2007
2006
2006
2005
2005
2004
2004
2003
2003
2003
2003
2003
2002
2001
2000
1999
1999
1999
1999
1998
1998
1996
1995
1994
1994
1994
1994
1993
1992
1990
1989
1988
1988
1988
1987
1987
1986
1986
1985
1984
1983
1983
1983
1984
1984
1983
1982
1981
1980
1980
1979
1978
1976
1975
1974
1973
1972
1971
1971
1971
1972
1976
1982
1989
1997
2007
2018
2030
2043
2059
2076
2094
2110
2125
2137
2145
2149
2148
2144
2136
2127
2115
2103
2090
2078
2067
2058
2049
2042
2034
2026
2018
2011
2005
1999
1993
1988
1983
1979
1975
1972
1969
1967
1965
1964
1963
1962
1961
1960
1959
1957
1955
1954
1953
1954
1955
1956
1957
1957
1956
1955
1955
1956
1958
1959
1960
1960
1959
1959
1959
1959
1959
1959
1960
1961
1962
1962
1961
1961
1961
1962
1963
1964
1964
1965
1965
1967
1969
1970
1970
1970
1969
1970
1970
1971
1973
1974
1975
1975
1975
1974
1974
1974
1975
1976
1977
1978
1980
1981
1981
1980
1980
1981
1982
1984
1985
1985
1986
1987
1987
1987
1988
1988
1989
1990
1990
1991
1992
1993
1995
1997
1999
2001
2002
2004
2006
2009
2011
2012
2013
2014
2015
2017
2018
2019
2020
2021
2021
2022
2024
2026
2028
2029
2030
2031
2032
2033
2034
2035
2037
2038
2039
2040
2041
2041
2041
2041
2041
2041
2041
2041
2042
2044
2046
2047
2048
2049
2050
2050
2050
2050
2050
2051
2052
2054
2055
2056
2056
2057
2058
2058
2059
2059
2059
2059
2059
2059
2060
2060
2061
2062
2063
2063
2064
2064
2064
2065
2066
2067
2068
2067
2066
2066
2066
2067
2068
2069
2070
2070
2070
2069
2069
2069
2069
2069
2070
2070
2069
2068
2067
2067
2066
2066
2065
2065
2065
2065
2065
2064
2064
2064
2064
2065
2065
2065
2065
2065
2065
2064
2063
2063
2064
2065
2065
2066
2066
2066
2067
2068
2069
2070
2071
2071
2071
2071
2071
2071
2072
2072
2071
2071
2070
2069
2069
2068
2068
2068
2067
2067
2067
2066
2066
2065
2064
2063
2063
2064
2064
2064
2064
2062
2061
2060
2059
2058
2058
2059
2059
2060
2060
2061
2061
2060
2059
2058
2057
2057
2056
2056
2055
2055
2053
2052
2052
2052
2053
2053
2054
2056
2059
2064
2071
2078
2087
2099
2112
2128
2144
2160
2175
2188
2198
2204
2206
2204
2198
2189
2178
2168
2157
2146
2136
2127
2117
2108
2099
2092
2086
2081
2076
2072
2067
2062
2057
2053
2050
2047
2045
2043
2041
2038
2036
2035
2033
2032
2032
2031
2030
2029
2027
2026
2026
2026
2027
2028
2029
2029
2029
2029
2028
2028
2028
2028
2029
2030
2031
2032
2032
2031
2030
2030
2031
2031
2032
2033
2034
2035
2035
2036
2036
2037
2036
2036
2035
2035
2035
2036
2037
2038
2039
2039
2039
2039
2040
2040
2041
2041
2042
2043
2042
2042
2041
2041
2041
2042
2042
2042
2043
2043
2043
2043
2043
2043
2044
2044
2044
2044
2043
2043
2043
2043
2043
2043
2045
2046
2047
2048
2048
2047
2047
2046
2046
2046
2046
2047
2048
2049
2049
2049
2050
2049
2048
2048
2047
2047
2046
2046
2047
2047
2047
2047
2047
2046
2044
2044
2043
2043
2042
2042
2042
2042
2041
2041
2041
2040
2041
2041
2042
2042
2041
2040
2039
2038
2037
2037
2037
2038
2038
2039
2038
2037
2036
2035
2036
2036
2036
2036
2035
2034
2032
2031
2030
2029
2029
2028
2028
2027
2027
2026
2025
2025
2026
2027
2027
2026
2025
2024
2024
2024
2024
2023
2022
2021
2019
2019
2019
2018
2017
2016
2015
2015
2014
2013
2012
2011
2011
2011
2012
2012
2012
2011
2011
2011
2011
2012
2012
2013
2013
2013
2013
2012
2011
2010
2011
2013
2015
2016
2016
2015
2014
2014
2014
2014
2015
2017
2018
2018
2017
2017
2016
2016
2016
2016
2016
2015
2014
2013
2013
2014
2015
2017
2018
2019
2019
2018
2018
2017
2016
2015
2014
2015
2015
2016
2015
2015
2014
2014
2014
2015
2016
2017
2019
2019
2020
2019
2019
2019
2019
2020
2021
2022
2024
2025
2027
2030
2033
2037
2043
2052
2062
2075
2089
2105
2124
2142
2160
2175
2187
2196
2201
2202
2199
2193
2184
2173
2163
2152
2142
2131
2122
2114
2106
2099
2092
2086
2081
2076
2071
2065
2061
2056
2053
2050
2049
2048
2047
2047
2046
2045
2043
2040
2038
2036
2034
2034
2034
2034
2033
2033
2032
2031
2032
2032
2033
2034
2035
2036
2036
2035
2035
2034
2034
2033
2033
2033
2034
2034
2035
2035
2036
2036
2037
2037
2038
2039
2038
2038
2037
2037
2037
2037
2037
2038
2039
2039
2039
2039
2039
2038
2038
2038
2039
2039
2040
2040
2039
2039
2038
2038
2038
2038
2038
2038
2037
2037
2036
2036
2036
2037
2037
2038
2037
2037
2037
2036
2035
2035
2036
2036
2037
2037
2038
2039
2040
2041
2042
2043
2044
2044
2044
2044
2045
2046
2046
2046
2046
2046
2046
2047
2048
2048
2049
2049
2049
2048
2048
2047
2047
2047
2047
2047
2048
2048
2048
2048
2048
2048
2048
2047
2047
2047
2048
2048
2048
2047
2047
2046
2045
2045
2046
2047
2046
2046
2046
2046
2045
2045
2045
2045
2045
2044
2043
2043
2042
2042
2042
2042
2042
2041
2040
2038
2037
2036
2036
2037
2036
2036
2035
2035
2036
2036
2036
2035
2035
2035
2034
2033
2031
2030
2029
2030
2031
2031
2031
2031
2031
2031
2030
2030
2029
2028
2027
2026
2026
2026
2027
2027
2027
2027
2028
2028
2028
2028
2027
2026
2025
2025
2025
2026
2026
2026
2026
2027
2027
2027
2027
2027
2027
2027
2028
2028
2027
2027
2025
2025
2026
2027
2028
2028
2028
2027
2027
2026
2025
2025
2025
2024
2024
2025
2025
2025
2024
2024
2023
2023
2024
2025
2026
2026
2025
2025
2025
2025
2026
2026
2026
2025
2025
2025
2025
2025
2024
2024
2022
2021
2021
2022
2023
2025
2028
2033
2040
2048
2057
2069
2084
2100
2117
2134
2150
2165
2178
2188
2193
2193
2189
2181
2171
2160
2148
2136
2124
2113
2102
2092
2083
2074
2065
2058
2052
2047
2043
2039
2034
2030
2025
2022
2019
2017
2015
2013
2011
2010
2009
2008
2007
2006
2004
2003
2002
2002
2001
2000
2000
1999
1999
1999
1998
1998
1997
1997
1996
1996
1996
1996
1996
1996
1995
1994
1992
1991
1989
1989
1989
1989
1990
1990
1990
1991
1991
1990
1989
1988
1987
1986
1985
1985
1986
1986
1986
1986
1985
1985
1985
1984
1983
1983
1983
1982
1982
1982
1982
1983
1983
1982
1980
1979
1978
1977
1977
1978
1979
1979
1980
1980
1980
1980
1980
1980
1980
1981
1982
1983
1983
1984
1986
1988
1989
1991
1992
1992
1992
1992
1992
1994
1995
1996
1997
1998
1999
2000
2000
2000
2000
2000
2000
2000
2000
2000
2000
2001
2002
2003
2004
2003
2003
2003
2003
2003
2003
2004
2004
2004
2005
2005
2005
2005
2006
2006
2007
2008
2008
2008
2008
2008
2008
2009
2009
2009
2010
2011
2011
2011
2011
2011
2012
2012
2013
2013
2013
2013
2013
2013
2014
2015
2015
2016
2016
2016
2016
2015
2014
2014
2014
2014
2015
2016
2016
2017
2017
2017
2018
2019
2020
2020
2020
2020
2021
2022
2022
2022
2021
2020
2019
2020
2021
2022
2022
2023
2023
2023
2024
2025
2025
2026
2026
2026
2025
2024
2024
2024
2025
2027
2029
2029
2030
2030
2031
2032
2034
2035
2036
2036
2035
2034
2034
2036
2036
2037
2036
2035
2034
2034
2033
2033
2032
2032
2031
2031
2031
2032
2032
2033
2033
2033
2033
2033
2034
2034
2034
2034
2035
2035
2036
2036
2035
2035
2035
2034
2034
2035
2036
2037
2037
2037
2035
2034
2033
2032
2031
2031
2031
2031
2033
2037
2042
2049
2058
2068
2080
2094
2111
2128
2146
2164
2180
2192
2202
2207
2209
2207
2202
2193
2183
2172
2160
2149
2138
2127
2118
2109
2101
2093
2086
2080
2074
2069
2064
2059
2054
2051
2048
2046
2045
2043
2042
2041
2040
2039
2038
2036
2035
2034
2033
2032
2032
2032
2033
2034
2034
2034
2034
2034
2034
2033
2033
2034
2035
2037
2038
2038
2037
2037
2038
2039
2040
2041
2041
2041
2042
2042
2043
2044
2045
2045
2045
2045
2045
2045
2045
2045
2046
2046
2047
2047
2046
2046
2046
2047
2047
2048
2048
2048
2048
2048
2048
2048
2048
2049
2049
2049
2049
2049
2049
2049
2049
2049
2049
2050
2050
2049
2049
2049
2049
2050
2052
2052
2053
2054
2054
2056
2057
2058
2058
2058
2059
2060
2062
2064
2065
2065
2065
2065
2066
2067
2067
2068
2068
2069
2069
2068
2067
2066
2067
2068
2070
2071
2071
2071
2070
2069
2068
2068
2069
2069
2069
2070
2070
2070
2069
2069
2068
2067
2066
2066
2066
2067
2067
2067
2067
2067
2067
2066
2066
2065
2064
2063
2062
2061
2060
2059
2058
2057
2057
2057
2056
2056
2055
2055
2055
2055
2054
2054
2053
2053
2052
2052
2052
2052
2051
2050
2050
2050
2050
2051
2051
2051
2051
2051
2051
2050
2050
2049
2049
2048
2048
2047
2046
2045
2045
2045
2046
2047
2048
2049
2048
2048
2047
2047
2048
2049
2050
2050
2050
2050
2050
2050
2051
2052
2053
2054
2054
2054
2054
2053
2052
2052
2052
2053
2052
2052
2052
2052
2052
2051
2051
2050
2050
2050
2051
2051
2051
2050
2050
2049
2048
2047
2047
2047
2047
2048
2048
2049
2048
2047
2047
2047
2047
2047
2048
2049
2049
2049
2049
2049
2048
2048
2048
2048
2050
2050
2050
2049
2048
2047
2047
2047
2047
2049
2053
2059
2068
2078
2091
2106
2123
2141
2159
2176
2191
2203
2211
2217
2219
2218
2214
2207
2197
2186
2174
2163
2153
2142
2132
2123
2115
2107
2099
2092
2085
2080
2075
2071
2066
2063
2060
2057
2055
2052
2049
2047
2046
2045
2044
2043
2043
2042
2042
2041
2041
2041
2041
2042
2043
2045
2046
2047
2046
2045
2044
2044
2044
2045
2046
2046
2046
2047
2047
2048
2049
2050
2051
2051
2052
2053
2053
2053
2053
2053
2053
2053
2054
2054
2054
2055
2055
2054
2055
2056
2057
2059
2060
2061
2062
2063
2063
2062
2061
2061
2062
2064
2064
2064
2063
2062
2061
2062
2063
2065
2066
2066
2066
2065
2064
2064
2064
2065
2066
2066
2065
2064
2063
2064
2065
2067
2069
2070
2071
2072
2073
2073
2073
2074
2076
2077
2079
2081
2082
2083
2083
2083
2083
2083
2083
2084
2085
2085
2085
2085
2085
2085
2084
2083
2083
2083
2083
2083
2082
2082
2082
2082
2082
2083
2083
2083
2081
2080
2080
2079
2079
2079
2079
2079
2079
2078
2077
2076
2075
2073
2072
2071
2070
2070
2071
2071
2070
2070
2069
2069
2069
2069
2069
2069
2069
2069
2068
2066
2065
2064
2065
2065
2066
2067
2068
2068
2069
2068
2067
2065
2063
2062
2061
2060
2060
2060
2060
2060
2062
2062
2062
2061
2060
2059
2059
2058
2059
2059
2060
2061
2060
2059
2057
2057
2057
2058
2059
2060
2060
2059
2058
2058
2057
2058
2058
2057
2057
2057
2059
2061
2062
2063
2062
2062
2061
2062
2062
2062
2061
2061
2061
2061
2061
2061
2061
2060
2058
2057
2057
2057
2057
2057
2057
2057
2057
2056
2056
2055
2055
2056
2057
2058
